3   3
3.3 5.5
4   5
4.4 4.4
5   3
11.4563843755 12.6364324652
13.6580247882 10.0038591873
8.73934865891 14.2745496714
-4.79915994896 3.00589260702
2.29969027229 -4.62851636414
-4.99863765128 4.83493904622
10.3824361996 -3.4278930082
11.2063052976 12.8410314725
14.3694266048 8.49483119729
5.99302298977 -4.95057311625
-3.91845882178 0.476606114401
8.60908896826 -4.32601076662
-1.55356710086 12.5531952348
11.8665768034 12.2698090074
-4.34113353776 1.43023470942
-1.51402093756 12.5873270145
5.8595017691 14.9629943646
-3.45448437394 10.340570566
4.91943424828 14.9996754527
14.7919365358 7.02928038457
12.2290994681 -1.90942261551
-4.89287322519 3.54018516572
-4.97375414358 5.72403610644
-3.97524691395 0.590357969898
-3.82918391856 9.69526477765
7.1432827914 14.7676168473
-4.92065800539 3.74280282372
14.9425218042 3.92936459378
7.21237482005 -4.75219963165
12.0788866166 -2.06324035191
4.76403797965 -4.99721570863
1.17762206411 -4.24063996243
1.27846162758 -4.28171062588
-1.65991645465 -2.45959200072
13.4031837732 10.4209318824
12.0900661058 12.0520183363
14.8947711952 6.44689425856
12.5537581694 -1.55291824444
14.3614351965 8.51618131808
9.71205179541 -3.82023627106
0.0924791108756 -3.71299252397
10.9715781192 -3.02123773281
8.6429650317 -4.31283017014
10.8877917903 13.0829393066
3.36216302813 -4.86496274973
7.54751265474 14.6700661463
0.0535760144809 13.6909659852
-4.50620166274 8.10356729382
9.82708045942 -3.75781332516
9.13031610001 -4.10716689833
13.3053152508 10.5697162033
6.24279450424 14.9224725659
-4.69127852825 7.4655872501
-3.81567405665 0.279418369854
14.6743292805 2.46872503012
13.0612437427 -0.917461391533
-3.40185021497 10.4229985216
6.38568084124 -4.90352909857
6.98691319051 14.8006212034
-0.198204090704 13.5427556579
9.85383343338 13.7430144116
14.9293772938 3.81363304271
-4.39374513004 1.57107124135
1.28444592919 -4.28410781642
1.68796329935 14.4355928745
-4.3912238942 1.56417204025
14.3963434161 8.42180221618
8.91125230263 14.2033746759
2.80686922996 -4.75654536327
-1.79215299144 -2.33939082901
14.2618945414 1.22941523046
14.9921242712 5.39680291008
1.24269085889 -4.26728806168
-4.73333733307 2.70606356656
-0.421876380634 -3.40257439795
-2.64399273999 11.4474316585
7.05627014349 14.7863043636
7.4036529429 -4.70682504891
13.6871792432 0.0469285492265
2.67219846005 14.7252938254
13.0936378378 -0.873076412746
-3.34363199647 -0.512150678954
11.2561579466 -2.80131320655
13.4066755699 -0.415515290627
8.81415524037 -4.24403698621
6.95323500944 -4.80738869414
-2.03727337887 -2.10470149908
8.10695708328 -4.50509430162
-4.64392090328 2.35523354314
0.946938473482 -4.14181011957
7.80585597581 -4.5982900687
14.9273128971 6.20351927429
11.2625698932 12.7961669
-1.99540510117 -2.14592943364
11.5481499708 12.5578920315
11.8553806155 -2.28036789023
-1.03077712192 -2.97682438729
10.2853297078 -3.48912774552
-4.92163788265 3.75055943495
6.38277362663 14.9039354348
4.86590758884 4.00903116837
6.42859983086 6.3996794359
4.67265590086 2.01791250283
3.19877730815 1.42850216095
2.26703350007 9.18699105687
-0.89917834869 6.09530580677
11.3784934897 2.11645690123
-2.60639904979 7.47844578222
3.30820136809 -3.83955979611
14.7393512936 7.26826726389
4.18126972232 4.42582168936
6.5966516124 6.20445158833
2.19858558908 3.9266513622
1.03467212296 4.47447661556
9.99770306057 5.15153916455
10.4199545788 7.57373121444
-0.778139849903 1.04865847149
3.29676931976 12.8165852679
5.38024524693 -3.99196383179
10.8311616425 13.1238878561
5.50798937674 4.13863666603
3.94232646382 6.69744710989
6.34417031923 7.68201531556
8.99191978408 4.74588105642
6.33265976682 9.81913041387
10.6411762107 2.95619693719
8.58727465991 -1.01094506
10.0140941299 -1.23368751673
13.9975708332 5.20909113247
-4.99948889495 4.89889688583
4.1345829895 4.49894770937
6.17780884796 6.61640536923
2.56141646708 3.25262758607
8.98436960974 5.35326875463
8.99066515913 1.98759372134
9.49550372396 1.02628054993
6.24138387034 11.8890468199
0.953345026709 -1.90105669642
5.89818064082 -3.95506959975
13.4472932342 10.3519376879
4.32648708789 5.73917545767
6.9634093291 4.61918008667
2.27577623759 6.2564254424
3.119716904 1.4694850972
6.0130235543 0.103696978492
10.7061251677 6.85476024622
11.5312080616 2.48140490432
-1.42708005888 9.76367945151
13.9097658353 3.72875149579
2.320318589 14.6342777381
4.13399493933 5.50003523366
6.99865774196 5.07326138467
5.055207931 7.99949197104
1.39195202689 6.72684389096
0.076152716655 4.13067386425
10.1082415805 1.85264111437
-1.95222328435 5.81645049114
-1.82301847536 9.17689105495
10.1765021697 12.3623247203
3.67103222694 14.9112988381
5.37260425156 4.07200965968
6.85857996952 4.2612981001
5.74374826422 7.90634452869
3.15570558318 1.45055242269
9.9539649444 5.67692786152
1.17024603802 0.381235599133
10.5387582819 9.28043884367
7.56838003337 12.5765047353
13.8803875186 6.46243547505
-4.62777882629 7.70293819243
4.79349579757 4.02155428644
6.93914570641 5.48960589184
5.96888852776 7.83923493582
1.80585341043 7.40778478364
1.18944791683 1.76276463299
10.9743779058 5.55390309493
6.57520265813 -1.82046454326
-2.4487434776 7.91825643234
-0.285769368382 -2.28427362091
1.67432432112 14.430794308
5.8627871978 5.50556725696
5.74753496339 6.85504487237
7.23368741332 2.99734163184
1.56517877622 7.04987881609
3.78951954937 9.85126139047
9.85605687667 1.47598075905
-1.15655784066 8.33118530775
11.2728123975 0.0349396151469
5.21118285395 13.9975219812
-3.84964328401 0.343411791266
4.2224645122 5.62883906145
5.28690623249 3.02068577185
2.34350880451 3.60606509181
4.20264668201 8.91972290938
2.26318567599 0.815523048705
2.87532004055 10.6112151153
7.76106436456 -1.43245859487
4.62823207467 -2.99135711939
7.06214040715 -3.76056944161
14.9774838783 4.32931716957
5.41375579901 5.91038790567
3.0930687949 5.60300363101
2.77673058366 2.98578226044
8.57958250505 3.21489801704
0.162048909605 6.2626279131
5.41508463949 10.9856248414
1.91537789024 -1.28371756526
-0.119090742689 -1.14775649877
1.25463923176 -3.18365888315
4.90853189122 -4.9995816705
4.98679727582 4.00008715976
3.02925183446 4.65918968912
4.16667914851 7.88193968682
3.06752700205 8.50222045454
0.00113692453016 5.10662060169
9.35943617337 9.12253759841
10.9241367812 1.27111231088
12.4341331168 2.04472255073
-1.07960895315 11.6361400661
4.59293703321 14.9917115521
5.96957250614 5.24480432051
5.39441380705 6.96072378188
6.84624004316 2.63538635227
2.88181743264 8.39312578773
1.21721840461 1.73035729757
0.453673881973 8.91547172491
10.6607586076 9.1177435552
12.8666641934 3.54549167485
7.15742430547 -3.73759236667
-1.98708911629 12.1540607826
5.91741795497 4.60207501223
3.00626407714 4.84183214648
2.18983055378 3.94978683902
7.93771911011 2.28526125933
9.65127903387 3.16544191994
1.85591873588 -0.110259582898
2.43431495025 -1.51285346262
0.641798132013 11.7086568311
13.9431878199 3.99035074502
14.9614764467 5.87691904005
5.61471414611 5.78874997215
6.10435872484 6.66745069098
6.21927800264 2.25894889645
3.6461191754 1.23609156424
3.38640701518 9.73247479437
-0.685014586015 3.08150862478
9.39163495925 -0.451012968679
12.4328469523 2.04148919501
-3.83299213501 6.72576068526
-4.90783917441 6.3545194329
4.92350276295 5.99706979331
4.87264342427 3.0040590433
2.67097619994 3.10906157192
8.62471261403 6.691584602
1.66707823102 8.72714803595
9.8454859829 1.46145996356
2.85009800295 -1.66167557024
2.98839872478 12.7429619855
3.45339454105 13.8661159227
13.3312677271 -0.530820740087
4.84938205974 4.01140795266
6.61823071171 6.17529969101
7.81602440658 3.96558879474
4.97820084945 1.00005940081
0.0894699448407 4.0583553869
1.4822151092 0.139424986479
11.7268706622 3.06371203241
-2.66525777231 7.28993958087
-2.40531583976 10.1148115619
14.976794931 4.31914545985
4.97569905271 4.00029531162
6.35853554553 6.46778103665
2.00283784562 4.86954303266
8.04717517551 7.59127834278
9.53899827047 7.09702043401
4.2712240053 10.9555760048
11.2483462275 8.1556567337
4.88123593074 12.9991183949
6.61998663406 -3.8530019375
-4.6257382361 7.71019619401
5.19136883561 5.98151819584
5.91972173462 3.22401803757
5.57429892408 2.05548293505
7.24871496073 1.69193696774
4.4598126531 9.97073411382
9.643954823 8.79916880409
-0.270391449758 0.39316008892
0.782164660347 -1.79778383354
-2.20259334483 10.396540476
14.9955707959 5.297597823
4.92448781859 4.00285512063
4.6272442928 3.03504371989
3.19515950639 7.39636199115
3.56122687353 8.73228239694
8.96893238219 8.04098269407
4.02056934636 -0.919519878732
-1.9875770481 4.58314631248
11.7864172826 0.763900323902
-1.96549014838 10.6992935521
-0.858955303971 -3.10386591363
4.23863095084 4.35168127362
4.03155738382 3.25010888934
2.00831900688 5.22325956957
8.55325048731 3.16304301237
0.40731623505 3.02332202037
1.88083213246 -0.125504054635
5.1084639384 -1.99915963342
-2.96829495163 5.71153043773
13.9999364889 5.03381117099
-0.985039919941 -3.01119823477
5.64372596137 5.7652560922
5.04126623033 6.99957422924
4.9976531394 7.99999908204
5.52065314654 8.96597028494
9.11648967597 2.16195265232
9.34991652127 0.867418935097
9.0460410284 -0.712228286448
-1.72088637042 9.33931865573
7.01049112546 -3.77256663893
11.9923527951 -2.14891616884
5.39144604233 4.07979893722
3.00303100832 4.88993253759
6.55448548372 2.4341522101
4.56201961695 1.02405065625
5.68476828656 9.95288727852
4.64095966826 10.9892478693
6.55815894948 -1.82437841039
12.6217339303 2.56912116801
-1.32681055172 -1.40089589375
11.5177623094 12.5841132954
5.4416780958 4.10282640493
3.3694193046 6.15810474302
2.03667198867 4.53236007732
6.24289263002 1.19799817067
0.56903656368 2.68341565532
10.9988117632 5.1194044773
11.8988229742 3.81414943141
0.448833169489 -1.57927659252
12.8777830494 0.647927593968
-1.09194820084 12.9302059947
5.91394184021 5.40584518318
6.52878655263 3.71049944688
3.72289149322 7.71458907791
8.03937541213 2.3995775143
9.94198910314 4.24056356128
8.31054894787 10.0040249464
7.88464154406 11.3779967985
12.4398014776 7.94097840421
13.9969211416 4.76460677178
8.15442700018 14.4894462589
4.07209422502 4.62718520314
5.5595496463 3.07986870414
7.25506287805 3.02144208676
3.90589441072 1.15254201329
0.767188709536 7.66144858664
-0.697570234484 3.11912429355
10.2240900504 0.34072074832
-0.851558904221 -0.455204706556
-3.86337041105 3.43773723192
11.2529675894 12.803870599
5.69528462102 5.71873450994
3.09512636792 5.60947226828
7.83359751701 4.01474616894
7.08270401973 1.58498258186
1.35816900216 8.42594030642
-0.325306294986 7.76425629502
-1.46269684432 7.6895258873
-2.2966180245 1.71985283796
-1.28517468322 -1.44178385243
-0.0732658480472 -3.61753872257
5.45760603418 4.11084494182
3.00007019463 4.98324369951
7.92953431254 4.35360328615
1.62799643206 7.15164865575
6.51625045966 9.76455502052
10.332291541 2.24924248215
9.51285047555 -0.351091532139
-0.11356708726 -1.15235171655
5.84898853976 13.9598671005
-0.465276402742 -3.37441065638
4.61718168559 4.076176349
3.79885249812 3.40086126971
7.8071662628 3.94178566774
1.27309709548 3.54734906453
1.78476919777e-05 5.01335951351
3.33763627688 10.7651146434
11.9114527983 3.89012603546
6.38454478422 12.8792788845
-3.78195507819 6.96907719622
9.70982153594 13.8214273845
4.65555926831 4.0611919353
6.1149906734 6.66036014112
2.07967058106 4.31321321733
2.70932113226 8.2791447551
9.10067598748 7.86084890298
2.46808620284 -0.439615108051
-1.36875725196 2.09501616775
-2.74472888794 7.00478788211
9.13086256695 -2.99599740201
-1.31749403576 12.7517268469
4.74330813789 4.0335067057
5.05407069524 3.00073104363
2.07264955674 4.34378404292
1.0355475249 5.53208699729
0.441896787267 2.9448369646
10.3046972152 2.19639741494
10.6532935985 9.12798637222
0.688487216728 -1.73875786178
13.8298338044 6.74184815248
9.52927463696 -3.91547369818
5.80859235496 5.58836927478
5.79634580674 3.16537923371
2.28036707357 3.73366799555
6.81294105906 8.56556373052
2.19917435579 9.14190484086
10.5117336721 2.62917906033
-1.29557681698 8.06034516705
-2.90764044985 3.78788510614
-3.63400427884 2.45953348517
11.2730984365 12.7876977346
5.91975748326 5.39248716155
6.3843214574 6.44348678642
5.01371721901 2.00003136051
1.12764739869 3.99756031046
9.28410491627 7.57807002744
-0.346391805819 7.72325075207
0.804182023345 -0.603134078958
-2.50667394258 7.76583555546
-0.890486554148 -1.80456965248
10.271625736 13.497644503
5.05529649545 5.99846997831
3.00123896898 4.92961292114
3.04334797842 2.7259039452
7.82055495663 7.83627744352
6.0459813057 9.88936837517
4.72112655634 -0.993515629613
4.46400210294 -1.97944885033
12.8314120252 3.36629693899
13.5234194872 2.11013490885
-1.23082558621 12.8215607467
5.99442633571 5.10543368934
3.85479404939 3.36033438449
2.80663317015 2.95326065419
8.86812656564 6.01862499094
9.52465156359 7.12779891628
9.81422006153 1.41903850913
10.9834701955 1.36708320779
12.8476232359 3.4460342513
11.2087212317 -1.5155031016
8.72097171524 14.2819378092
5.91466384004 5.40421536304
3.01114150616 5.21081245572
2.59256487871 3.20995638691
8.94882890948 5.63776974189
9.15149579971 2.21341021588
5.5309957714 10.9764574365
-1.91427581371 3.90785075564
3.32890237932 12.8235179262
-3.76869928252 7.02729200972
4.80908980642 -4.99817749882
4.08359597809 4.59974549519
3.25557897347 5.9782613568
2.04819247353 4.46443270572
1.94562883749 7.58279244262
5.11002266354 9.99878935478
2.57245519993 -0.486986991387
11.5131895321 2.43516820842
10.8919480758 10.4115568806
12.308341177 -0.252442216725
-1.4060750242 12.6786849645
4.04501792028 5.29666349189
4.99600042084 3.00000399916
2.07027174771 4.35448286799
3.17118331659 8.5574470535
8.95733471696 8.05605987146
5.81198078684 10.9448033779
-1.03266899291 1.44937965674
12.5652440925 2.39863846776
5.63186918591 -3.97779156207
-0.450600923967 13.3839697976
4.00023485857 4.97832831405
4.64554804841 6.96834037047
7.91079292516 4.27385638692
1.81940635954 2.57434048262
2.26881142963 9.1881510232
10.3474200721 2.27876892334
10.5062413756 0.677812369495
-2.30158386017 8.2690783308
-3.18584520586 1.25942006292
12.5533330179 11.553408298
5.96669367957 4.74406381679
6.08440958272 3.3195072577
3.90375515012 2.2074658052
1.34664598175 6.62880459765
0.500299857797 7.1800684921
8.03089503325 -0.178192280849
8.04960664863 -1.30078560885
11.2284853615 10.0205547603
-3.88416287615 6.43932275398
-4.99658243312 5.26141854908
5.12019014877 5.99275088927
6.97767207687 5.29801536263
4.86790965937 7.9970906129
8.44795517006 2.97229066549
8.31636129265 8.74189093596
-0.782984288427 3.40090878315
11.9943741423 5.28058930471
11.5608409284 0.422296830024
1.11150547538 13.1166255508
11.1831481109 12.8593052771
5.48235153884 5.87597773544
5.11294370651 3.00319161681
5.17384102783 7.99495898086
2.09774047859 2.24738493967
7.2026494968 0.511310303189
2.23213390243 10.3234309675
9.39850434093 10.445471473
-2.99496754539 4.71628544596
10.9171883974 11.7813628032
12.9979903828 -1.0026785552
5.91154719901 5.41119545714
4.89603241786 3.00270414263
6.01925827074 7.82154436037
6.67012653602 1.36535044967
0.0010053106669 5.10026014173
4.32451340178 10.9618552361
-1.76835580221 3.21412213893
12.8586456973 3.50277329583
4.61862220516 13.991915868
7.73800226092 14.6178658558
5.99244444992 5.1226947995
6.62475533377 6.16626330878
4.85820236699 7.99664703148
8.99419140893 5.21548779279
4.11203216083 0.0794804017662
-0.0173585956694 8.29030587065
0.620497738988 -0.460765509138
1.43957183274 -2.16403177448
8.20693877677 -3.40925345569
-4.86609673003 6.63099212556
4.83129728373 4.01433302098
6.99686943671 4.88814092471
2.23994791015 3.82436720813
3.83340130858 8.82610082109
6.54981486107 0.246256854182
10.8928177283 6.12902578395
0.195547499963 10.090897384
-0.517823834583 -0.792548673124
-0.747820425383 -1.92550072973
6.87829883091 14.8220157555
5.32911701512 4.05571085447
6.81728794232 4.16485657838
2.00010789963 4.97455621595
8.91213998634 5.83376299225
3.73655512146 0.162262198207
9.7501394867 1.33446117783
5.7434255519 -1.96041079598
9.62493879657 -1.5276290587
-3.62927075175 7.55649883493
1.8895087649 14.5039383561
5.01622751741 4.00013167483
3.57460244036 6.40294041106
6.00443619899 2.17314522443
3.36255310876 1.35051131275
9.38061992893 2.58957077717
10.3806901575 2.34516037604
6.94653035165 -1.72391400823
-0.866698956684 10.4389193184
-0.51147076779 12.1150326757
8.04436608027 14.5253259876
5.76545915715 4.35651551787
3.24292928209 5.95535464214
2.06562451581 5.6240516948
8.78886806717 3.71762767905
2.61852352995 9.39642693816
-0.922137278579 4.03652189767
0.408834602702 10.2840515038
12.7962143979 3.20583137311
-2.81114878199 0.529434632435
-1.2343336072 12.8187648944
5.99678364989 4.91986040104
3.04711715288 5.43156527366
2.02271292979 5.36845854791
1.34050502518 3.3850397747
9.39108849712 7.39130546155
7.20672069034 10.5794608875
11.2995839259 1.94791180327
9.65736396948 -1.50453386921
10.6122970645 12.0357744179
-1.33072594256 12.7409243014
5.79786426222 4.39716285858
6.42885628755 3.60058236772
4.46159735531 7.95129168199
8.03665883848 7.60359426537
3.85362469043 9.86680836376
6.0923033728 -0.899735023014
8.71604156988 -0.932203220637
5.66546345283 12.9722743551
12.6495089237 9.74183648242
7.07628940156 -4.78207658531
5.27706601167 4.03914911397
6.96090904217 5.39349171315
5.94741282355 2.15352692938
1.19967911739 6.24802291212
9.76685213103 3.49098682548
10.0313423952 1.73111736189
1.67557355189 11.1602101256
9.54053013145 -1.58662175363
0.0291830636663 -2.50273143498
-4.63790389369 2.33339006676
5.30859242807 5.95119436149
5.29023557056 6.97882877318
2.35696670999 6.41928680255
1.12019135645 5.97318286536
0.993550888499 2.00861812586
-0.284782387154 7.84096376612
5.82728626142 11.9509421981
2.69872637109 -2.66186267724
-0.330530121797 -2.25158249078
0.7092670195 14.0326967452
5.4496307662 4.1067854826
3.02106992069 4.71045597712
3.22631788812 7.41951477904
6.33263203931 8.77148403786
4.86504908505 0.00182150673319
1.98897305406 -0.189770392883
5.90209954957 -1.94162923258
12.0319487822 1.18533142663
12.7556431815 9.56617989584
-1.97121495222 -2.1695301164
4.03456884024 4.73934184117
5.64978132257 6.89150316755
2.67892119332 6.90068229149
3.91476820991 1.15002961547
7.69858219347 0.790765610578
0.783798127 0.731084239984
8.57708689297 -1.01701332558
7.05697862285 12.7310309109
13.9902808095 5.41815184535
-4.92010573907 3.73845248776
5.92955337806 4.63131243942
6.3387271896 6.48586995118
4.18507712117 2.11280400707
8.91191855711 5.83480129522
5.52800183183 0.0279567514366
3.4207960038 10.7884466602
-1.92888112252 5.99529211287
9.37900483126 -1.69509646591
12.54851058 9.90101908018
14.8374000883 3.20401572852
5.09162715565 4.00420661563
5.96255118684 6.75313867469
7.57078334599 3.45369052646
1.79195185633 7.38923148897
0.407791890435 3.02221723173
0.21270878051 8.61688301992
7.70106198286 11.4578838767
-2.76053044285 3.05727839215
-1.71717448323 -0.989955505834
14.9915806541 4.58973662949
4.85565470545 4.01047261991
5.193799744 6.99058826964
7.82292874237 6.01541780342
8.97352105041 5.45948934914
0.324597735897 6.77217766288
-0.775438242661 3.37386559436
-1.48213748541 2.35767268865
12.5864925583 2.46127381107
-1.93730584209 -0.733566747965
12.941146066 11.0776804093
5.63963318449 5.76868029069
4.24029804063 3.14990461518
5.57364692219 2.05535584346
5.71267571387 1.06400033958
5.41767013737 0.017475373232
10.882751162 3.81964464436
8.69591237414 -0.944765068756
12.9973627939 5.20539800912
9.79758159584 12.6146707632
-3.59220635392 -0.116052186182
4.17597049188 5.56654688221
4.41832884308 3.08645390303
7.97391066601 4.60521480446
1.55275357868 2.9710859775
1.71634643183 8.77062584251
9.27852773957 0.793552522412
11.8350290355 6.51075414396
11.2571297465 9.98480965887
1.05640459911 -3.0899972382
11.1081050446 -2.91776816812
4.3434485049 4.24571879628
3.29988871808 6.05338579309
2.3726795709 6.44816689744
1.00420786481 4.81657368691
0.205331608801 6.41815197297
2.03174368897 10.2143508198
-1.9762204273 5.57649679076
-2.69693776893 2.81891105609
1.60410804024 13.3347416155
1.93976233673 14.5202387283
4.02782734604 5.23426551368
4.5882080166 6.95714776203
7.48472218399 6.68111738686
7.71505669353 2.06257474122
9.55922827441 2.94733404037
10.8537022054 6.31687907229
11.8366093526 6.50358656545
0.0635618310636 11.2953616421
-0.759705540826 -1.91561942873
-1.86396694347 12.2722732209
4.02592879738 5.22624166774
6.97662773515 5.30486521057
3.45707192103 7.57281420688
1.85861987945 7.47623321564
8.99452700969 8.00728348661
10.9157252319 6.00209529545
-1.99455218035 5.27611554894
-2.98455059517 5.49694244455
5.36070512727 13.9927688623
1.62318828079 14.4126055167
4.19875545407 4.40166298994
6.74376155147 4.02056360511
7.33160621685 6.8877532809
1.91137477492 7.54173055594
1.8058017788 1.15330041156
2.72515091745 -0.552032209168
1.115950581 -0.823586533296
12.2239333294 8.43726450147
-3.46241661666 1.93609644308
-1.05111393796 -2.9614081738
4.58787869208 5.91112898514
5.94568618527 3.23770671028
7.94996241086 5.54563886824
5.91323826665 1.10564564166
7.36445538614 0.59439553217
8.26354974674 10.0348031789
11.7433108783 3.12176721387
12.7015146321 7.16487236837
-1.01126802889 11.6981084408
8.10163596664 -4.50683198182
5.2095515499 5.9777976007
4.24221197888 6.85088014605
6.84447991148 7.36598686728
1.52654330743 3.0162917037
9.79002597822 3.56624579233
10.7594846983 6.68176574168
-0.840239857387 8.85896338518
7.31672683383 12.6572042403
1.08683854974 13.1047620239
5.7950484749 -4.96834479352
4.82104298947 5.98385689426
3.00036262561 4.96191626391
7.13620914002 7.10632630665
8.19078145051 2.58775752979
1.01939525 8.02568766139
-0.999945304696 5.02561914624
2.36812705298 11.4863891951
-0.512507540055 -0.797608181038
13.5310196946 2.13264878847
-3.44054183343 -0.362579002505
5.19833015385 5.98013527131
3.994263254 3.27127399576
2.48978780838 6.64281306089
7.84829907495 7.80841456691
4.7988748815 9.99595323104
0.731168985755 9.2162876766
10.4442357012 0.59996617853
7.95301053087 12.4350338805
11.2483682125 -1.47749138799
8.7632770103 -4.26486622374
4.4894868946 4.14013002773
5.60380954436 3.09332382557
4.67472444858 2.01768616413
2.76022265079 1.685879087
0.306727478978 3.27570505904
10.199927001 7.99345271949
11.5515716498 7.46513872187
5.54710451505 -2.98127036565
10.2855390308 -2.2844407578
2.37914703714 14.6504471268
4.94217188644 4.00167344557
3.71565729596 3.46687775484
7.07982906056 7.16201551309
1.02924559008 4.51718594049
9.27032312439 2.39916543907
10.9651742582 4.35448000114
0.00781294303679 9.90694083807
12.825238036 6.66302425729
11.6472988768 11.0674061709
10.7024375919 -3.21475535305
4.47018213669 5.84811145006
4.41028833323 3.0889164984
7.63594454316 3.56759071303
7.52359521895 8.10346051544
7.07573816341 0.451229718158
9.69684654785 8.73358172617
4.21851626562 -1.95624059194
10.987744358 10.3053668585
7.08372237424 -3.75546121384
-3.99408573532 9.3710893134
5.99735213411 4.92727640963
5.10403601248 6.99729229411
4.99581194763 7.9999970767
1.68726788025 7.24183092644
0.333729983064 3.20391422002
4.18862084796 10.9448855222
-1.63960554409 7.21712386187
10.158468434 -1.11475293171
-3.62218823488 7.58028487618
-4.70148659684 2.57489014448
5.12385559919 4.00769974778
4.55564623844 3.04998724758
7.34188127998 6.87499121878
1.04221115257 5.57957522303
2.84016181771 9.50944553424
10.6395578312 7.04826450148
-0.861880434957 1.17398931441
-0.961771705898 10.3345363554
13.3412777775 8.37980547358
7.33999146265 -4.72236802198
4.60442593108 5.9184340782
6.98416597938 4.74883199595
7.98212616946 4.67300839549
8.55592062729 6.83178287263
2.58551000663 0.621616956921
4.05817629751 10.9256196396
11.992644121 4.67917575435
9.15518343786 -1.83625998611
-3.56499993232 2.23580460906
9.09181256633 -4.12453121656
4.02927156858 4.75982024975
3.79051934543 6.59284542446
7.97758061527 4.63392121122
2.0167438519 7.664616812
9.84611807297 3.76908992091
10.8748006009 3.7806895802
11.505501902 2.41573124403
0.871743852558 11.8525543545
7.54324047074 13.6331875867
14.9972910881 4.76725357127
5.49201708671 5.87058554226
3.16042118956 4.21517530609
3.98097112209 7.82162721598
8.9541432299 5.60394645243
4.03162931384 9.90532957243
4.34570067978 10.9642176687
0.752807856658 -0.564293207365
-1.6203618731 9.49119234382
-2.23475813428 10.3533423894
7.77627937801 14.606886739
5.81594458332 5.57813012113
6.72687786618 6.00890675252
6.05635027339 2.19213175168
1.12893612179 3.99259519019
0.958700092747 7.94412891356
-0.4483931461 2.48703121278
11.6191223061 7.27754690321
-2.98997010115 5.40047194997
4.90456055119 -3.99949394753
4.83497427475 14.9986382328
4.23919761514 5.64898361396
3.0000221307 4.99059137107
7.73922964281 3.77663539205
7.28557568817 8.28270372919
9.41397382963 2.65120562174
7.936069303 10.232542121
9.60382489636 -0.273025348285
7.83065850455 12.482471011
-2.03521563986 10.6129974969
-2.89505186996 11.1374388771
5.93753847738 4.65211840603
6.18524115465 6.61096350217
2.03991245512 4.51226879673
4.72740528081 1.00929929473
9.50315672092 2.8270804095
6.65274687107 -0.767878967191
11.4393773204 2.25511025266
4.37964522901 -2.97591123058
1.43084370464 -3.26202900862
10.5678710662 -3.30655234078
4.01302048889 5.16084602774
3.74081646859 6.55385225624
2.03592014995 4.53714943825
2.54881443653 1.83903664472
1.1282764726 8.16381998973
8.00294285723 -0.194452251798
11.4306082948 7.76537103454
-1.57700349822 0.445548882203
7.24122789682 13.716472768
14.7904212055 2.96342134473
4.74379502557 4.03337752401
5.58335651968 3.08696702304
5.93441579557 2.14923394138
3.63943226617 8.76149643648
2.61958395312 0.602998812399
1.20032497602 0.356459356039
5.63879586127 -1.97079190965
10.616254858 -0.697164327078
-3.54889864089 2.18640229815
-3.4897151782 -0.284386075325
4.02574556785 4.77454867167
3.94808428159 3.29897874165
4.91627162872 2.00116863431
1.13393609942 3.97357420304
1.71904264014 1.22702785555
-0.860671125114 6.28550922333
11.9685968516 4.33768744542
0.126170729005 11.3439568281
3.58854222614 -3.88863245683
1.83061717872 -4.48446163639
4.15758096779 4.46117704748
3.52932149024 6.35539836245
5.02001007657 7.9999332654
1.50934388029 6.9532843761
1.25736166236 8.31551779872
3.33652740222 10.7647947853
11.3154595842 1.98089910073
5.9161448816 -2.94736928524
-3.5611175293 7.77619643569
0.431197629215 13.8952821707
4.0685650562 4.63609211953
5.33596068872 3.02841931039
3.19646327095 2.60265662306
7.74912868414 2.09443783787
2.84990561545 9.51409948246
3.87426672097 10.8934475975
-1.7503943261 3.14738659128
9.7258944943 11.4549145021
7.63576901864 13.6053891069
8.9668490636 -4.1795483825
5.95497602979 5.29668296636
4.95605172952 3.00048292092
7.95930220706 5.49247380367
5.59952367163 1.04518377581
0.0669864870441 5.81570685972
4.18833896298 -0.94484704269
10.8852383934 8.78998272466
12.5288489877 7.7048905561
13.7148968826 2.75265215723
3.09403703344 14.8166850398
4.68140857401 5.94789213695
6.67928303179 3.91371803884
2.7882498916 2.9731400004
8.99949155379 4.93622452552
7.14631943677 0.484104421563
10.7658197378 6.65991648936
4.51686443583 -1.98330724132
-0.27027176611 -1.01865728476
3.58400224887 13.8879103488
-1.92804872856 12.2112509882
5.3091183899 5.95102356492
4.9005437056 3.00247441931
7.95883583872 4.50473191146
5.06694141464 8.99943981665
1.29680168176 8.35951219908
4.72256769185 -0.993582510852
11.6392637083 2.78185270726
12.9852086566 5.48625375083
13.8889198321 3.59035315847
13.5035299341 -0.262126819098
5.92484557711 5.38034281708
5.46432378824 6.94535431726
7.30718427047 3.08247536076
7.75344237546 2.09852536027
7.03365480725 0.432260063777
0.372803204987 8.81956146962
8.69723741428 -0.943941074946
0.202715026001 11.40203537
6.30086021725 -3.90549059262
7.57494347073 -4.66279804832
4.93973717568 4.00181745557
5.78927409223 3.16232581579
2.57248057945 6.76271082792
3.0438577312 1.51094462294
2.5554018941 0.638355803066
2.17532718253 -0.293507672068
1.59533618606 -1.11622958317
-2.9543214018 5.85368087527
7.40070091301 -3.67390541373
12.9084751086 11.1201324705
5.76257710418 5.64689733357
6.08394450084 3.31920723493
3.67179167176 7.68995588008
4.60593954238 8.98054221881
0.26595015418 3.39103385452
5.64960270406 -0.964731035586
7.91466592234 11.3643320593
2.62731974125 12.640051596
9.03846530538 13.0430589938
14.8048656514 6.96586102223
4.27885544448 4.30721537976
3.7417857911 6.55463725818
2.04486920899 4.48308413836
1.81128272283 7.41497041934
7.53715468555 9.30846215042
0.719074394214 9.20400713103
10.6011174965 0.801490408439
-1.24482001525 -0.000222292769722
11.0408396713 -1.67145082167
-0.180621940858 -3.55342950552
5.94973898334 4.68695708997
4.63929383381 3.03279613114
6.80581738137 2.60437407237
8.22521940759 7.36600079731
1.39671389843 1.53354225899
-0.271298904549 7.86590437016
-1.9977279544 5.17833529156
5.8243606264 -2.95741349671
-2.5098866061 0.0399996810912
14.6297896879 2.30423469727
4.03921304397 4.72271237835
5.51378893447 3.06712107704
7.09351092043 2.85123011329
6.29357193485 1.2149409979
2.11982026581 0.912878188903
-0.777758719472 6.61787026042
1.31562607236 10.9519231145
11.0896101446 10.1881257008
3.6735930163 13.9017214354
14.7808891654 2.91812413117
5.74759667389 5.66415300435
6.44443448764 3.61666742578
7.99687563512 4.86311892892
8.58705384361 3.22995911826
6.57741114483 9.74465742495
-0.878779114231 6.19998171906
6.53255326895 -1.83017426409
9.71781326711 -1.46082332034
3.5998537422 13.8904212756
-4.75695386132 7.19131269973
5.92258149219 4.61419773164
6.38571443887 3.55785039129
2.34358875755 6.39408726806
1.92776931644 2.43847728353
9.91524535705 5.91671319397
0.535292057833 0.991710715136
5.75509613682 -1.95915439002
2.14128833657 -2.47179815207
0.493263701293 -2.79033554694
10.1332252935 -3.5819577071
4.00629937239 5.11206722394
3.79097529835 6.59319153613
3.64992833938 7.6790495537
2.85021151552 8.3731898067
1.55287831412 1.37821148012
10.9975550534 4.8287300909
-1.97782507033 5.55673807834
10.4942677785 10.8148965234
11.0835367103 11.632539566
0.508888787121 13.9347590943
5.99960274303 5.02818432421
3.00018267207 4.97296937077
7.52286392402 6.62331685782
3.23785033638 1.40906299651
0.00223961415124 5.14963664538
2.83088519597 -0.594188141897
9.80485936808 -0.090513378137
5.14109101722 12.998755736
-2.74543962028 9.58346649258
5.82249174153 -4.96611796715
4.14267539925 5.51477619307
3.0072303357 5.16990899044
5.39932217749 7.97330486136
7.02553836392 1.55076902248
0.369674068472 6.88681789471
1.68085972502 0.00166949522242
-1.79614836393 6.6770114536
2.46769748674 12.588639139
-3.47708060029 8.02309518478
12.5817711737 -1.52048662831
4.23666735506 5.64600562936
6.27219814902 3.45678521598
3.50027258682 2.40176642964
4.41761392801 1.04262379055
8.48569663882 8.58467835965
9.35797292817 0.875915621947
11.9846792874 4.53712285403
-2.4837032734 7.82739903722
-3.66103639234 2.55327798665
12.4763070286 -1.6411469803
5.99869912862 5.05099069023
6.9352681328 5.50471502274
5.54552087281 7.9499842334
6.93303931274 8.50190791075
2.25527907537 9.17929504174
-0.232710615337 2.06423100089
2.99039672053 11.7053332996
5.43532144778 -2.98814717172
13.3662844072 8.31742147123
-3.48699147055 10.2887593799
5.75563729006 4.34500970552
6.90097778312 5.62151706981
7.64923584253 3.5923248064
7.15309993112 8.37107708109
1.52083052211 1.4089862512
10.462868616 2.5186563147
11.7866423423 6.71507600939
-2.65504760284 7.32384298056
-3.45676158109 1.92052219353
-4.74779445804 2.76829589691
4.33890618706 5.75030325235
3.0398475939 4.60275631552
7.94754091168 4.44142809415
7.12264665547 8.39033496516
7.23775012068 0.528705512115
0.737160152963 9.2223448981
1.99374087165 5.29595374666
0.53285285972 11.6366103115
2.48097292983 0.00350317508896
14.8088684635 3.05420980964
5.86003680707 5.51023199674
4.44781075461 6.92226091811
5.59160469999 2.05891110659
6.61171636029 8.66092479764
5.4998032883 0.0250430481256
0.46132877541 2.51526902726
3.62979590074 11.8645859836
12.6260483315 7.41730983642
12.5502183272 0.101612182438
12.5139797075 1.59849293056
4.08676464578 4.59256756658
3.84712759121 6.63428431096
4.13422977793 2.12764174891
4.54566894015 8.97411415136
8.86312384172 1.8256852419
0.559304238546 2.7429806418
2.29754081142 1.45729930653
1.80935173652 0.800865692992
3.95986953437 4.15103714619
2.71635659361 11.3606478381
5.71266615961 5.70150334635
6.99383025645 5.15697422869
6.8024461709 2.6018365775
1.85490433858 7.47151234683
2.01216540846 9.00909521633
10.8514138202 6.32701028806
1.91195320087 3.89324666299
8.47302330499 2.20680991306
8.15563012169 13.4286415593
0.538176008063 3.32638015609
5.08829217954 5.99609461952
5.93996462773 6.76535166429
2.43883260716 6.56218487569
4.82811282485 1.00369485662
3.17279022921 0.345829348473
0.923669208007 5.95401421065
11.6352989275 7.22997940402
6.34576193769 2.88599548612
4.51039161712 13.9866725561
13.4769178886 10.30489049
5.48546461684 5.87425631585
3.0673879864 4.48520799843
6.68051039885 7.48513275286
2.80327911966 8.34281578521
2.57932741113 9.37496791046
0.91542177846 3.99611495533
10.4647961 0.625528193531
2.8249322261 3.33553742699
6.75712262907 13.8268069009
4.42591429569 1.66051805062
4.48447536284 5.85687475659
3.39540007248 6.19384214728
3.00062731631 7.23662890792
8.62708188771 3.31350156245
2.50461105384 0.667214059364
0.904300793402 6.06734818172
11.5742911974 2.59610831121
2.63991413614 2.6268771645
3.93672502607 3.93697075803
4.31822517031 8.62914310483
4.9096842506 5.99591318166
5.12621009078 6.99601378076
7.90398915689 5.75289240709
6.5798850001 1.32522607682
9.75292815001 6.55231246882
7.54344930042 10.4342309167
6.23109052965 1.89089370893
12.7082550109 7.14074862769
11.4247009628 11.3026357612
14.6638182542 7.57111196756
5.36049546519 4.06723903406
3.1057603571 5.64176021633
2.00217725459 4.88572494972
5.13548038661 1.00229502529
6.5634767343 0.250732635312
7.01134694792 0.652829685662
11.1114476973 8.41323996278
12.5819152522 2.44763617248
5.5020760011 13.9859846255
6.97642568252 14.8027415309
4.34133253886 4.24756583302
3.00968928315 5.19662972917
2.99446990522 7.23110937404
5.80687927945 1.08222692995
3.08524695621 0.381155904203
0.41786145976 1.12649946456
1.6511413171 2.81772614461
2.04223946559 8.79563740487
11.1814769394 1.54135634622
5.75941097912 14.9711230543
5.91606172033 4.59896268934
6.87593697443 5.69344103424
2.25687343114 3.78539857269
1.16015434212 6.12052903739
0.628335863825 2.57336597723
10.3936849406 7.6283384032
11.770924563 3.2238861068
2.48878524256 7.81391108438
3.97494319923 4.32888557569
0.344487849497 13.8502094109
4.93806853133 5.99808040417
6.73709901055 4.00879516368
6.84951000775 7.36205688569
1.08185099247 5.80505177151
9.8473855511 6.22590918056
10.8082933971 3.49543102071
1.84082279935 3.51570103149
2.63780721398 2.62010484221
7.38980316633 13.6769142456
5.18231708204 14.9983378859
5.73681979022 5.67608919289
5.37357735693 6.96480023371
7.94583703048 5.56748937422
4.74973732461 1.00783660238
9.8599437204 6.17513702799
8.58373065124 0.187840960719
1.70420916408 7.01335031335
12.3095121247 8.25131242708
2.86351240813 9.37780454191
6.24887151021 14.9217095276
5.98512474051 4.82815924337
6.18310084258 6.61253601395
3.87713315925 7.78193638639
3.79829782926 8.81522108047
8.99003588872 8.01323971943
0.688994036578 9.1731555906
10.8752073116 8.80551429456
12.650396229 2.66088958373
3.93525727695 3.9224205854
1.52240793436 12.5801183855
5.77355091099 4.36626583799
5.04451213387 3.00049539387
7.99940791015 4.94039976087
7.44201829842 1.83194908024
0.959169460998 7.94477309059
10.9999790445 4.98414233041
0.919506065851 1.2637655405
8.89476724672 1.98790298257
3.96819920467 4.24408795131
4.54155484947 2.00688606055
5.99999622268 5.00274856788
5.82497127669 6.82192820732
7.921619935 4.31872402406
1.5096645387 6.95385730481
4.3446515419 9.95686578379
6.00220297909 0.91570698976
0.859602229782 8.82949888481
2.8631819563 6.4732174049
1.30704363744 3.20744011883
4.70303856935 4.99558972291
5.85839166321 4.48700511451
6.78968316485 5.89276770185
7.99263582062 4.78992657206
1.52417394096 6.97955378996
0.510503521342 7.20100462701
7.41853182851 10.4909656523
5.23371426541 1.99609731509
12.8160668341 3.2943918255
13.7025859486 7.29455830341
12.1376067903 2.00389672303
5.40293695725 5.91522773586
3.59515141347 3.57648307038
3.44884923353 7.5678651249
6.9640190161 8.4846275704
8.79057193459 1.73939201855
2.93581103707 10.6337486566
1.09334853005 10.8084485271
8.54724596702 2.17056804231
11.8379277618 10.8517299941
5.16324771596 14.9986674204
4.09798888557 5.43171280899
3.33645857331 3.88976132219
3.75941308575 7.73147288257
8.20497693002 2.60665028087
1.32549505752 8.3908720748
7.02367110908 0.648429449173
0.85234868395 8.84057481134
5.628836601 2.9752469886
13.5453487854 7.82436083669
3.37745631394 10.4606067161
5.91497513949 4.59648978438
3.01586850397 4.74855973577
7.44738000922 6.73503057335
4.24140313641 8.92740764354
5.58271449614 9.96592829348
8.19297936464 10.0798506648
1.9307362775 4.01770948708
0.401769503032 0.900922490265
13.038976132 0.953413444657
7.76822292537 4.60921130143
4.9808153298 4.00018404272
4.44983545055 6.92284137893
7.57882930887 6.53285335101
8.89645391439 4.0957617056
7.52842318562 0.686407970792
0.764004524786 0.75072449305
0.165602020147 0.275959804421
11.478172544 0.306037868685
11.2623542882 1.46397082055
0.138597815562 13.5787418944
4.04031495728 5.28107760278
6.52025813844 3.70045577509
7.69524705381 6.31743816512
7.79930844906 7.85724906283
8.5345342389 8.53653329039
10.6648770994 6.97716146252
0.0913238592757 9.99048079302
12.9988112346 5.13790878598
3.51107783906 3.87598506075
4.20268016796 8.9128861121
5.59004434182 4.19262915913
5.99546060785 3.26533629247
7.49091573933 6.67192666692
8.97568281426 4.5596068116
2.27350338998 9.19120701416
6.20951314907 10.8768254987
11.2624143722 1.87235452288
2.55251117503 7.63810063323
13.63734617 2.47091891401
2.76497691567 4.74703400079
5.40635396133 5.91371574251
5.73077663447 6.86171037235
3.7016917363 7.70451394014
8.11256986752 2.48764874673
8.58538921628 1.51503455286
4.87737072707 10.9987467076
1.83707992825 3.49855467807
9.25884575835 11.7721660351
11.9077959726 10.7690861322
14.8186484322 3.10417749651
5.26168064489 4.03484548383
6.88249783409 5.67542720159
5.47053161126 2.0371297695
8.96167482915 5.55238804124
7.02599693668 9.57114169684
0.965163547736 9.44073133656
8.67631367032 0.956905051904
1.81844962454 9.18434519579
13.8711277764 3.48240585939
3.32327839285 4.8584281025
4.12585864014 4.51432842065
6.51049133147 6.31088364761
7.2091955976 2.97035598896
8.99305010624 4.76430772385
9.9858830844 5.37545954336
10.8821982702 3.81689243503
1.30333892915 8.0443255976
12.3742473903 8.10168912476
2.12351577864 13.5279445662
11.0552498827 12.9582629297
4.04874717837 5.30841217445
3.20892970002 5.8899815619
7.82259679728 6.01634015957
2.29981703105 7.95110351126
7.25851543798 9.46084162646
10.9617053495 4.32319181042
10.5268643124 9.29578524518
2.66407527238 7.29389411685
13.9928841113 5.357820292
3.63483512698 10.043770646
5.12464090837 5.99220191693
6.93404061003 5.50939858537
2.01313509028 5.28042469771
5.82552449038 8.91388672751
8.5199632359 1.44896369803
10.6900139181 3.09638722115
11.3194140543 8.01081484161
2.81423922345 6.71396188952
4.77730373912 3.99724437677
2.06953637969 2.07259891244
4.01293313255 4.83969092605
3.73064898389 3.45444249609
7.99987463081 4.97257374588
7.28649867477 8.28206090899
8.24627480916 8.80285417331
6.19899849429 10.8789797253
5.12568246679 1.99887161745
2.97345227714 5.65119796085
3.94279582019 13.9376909391
5.37306597898 4.99303866576
4.26472459358 4.32223154639
4.66078852487 3.02897600848
2.99565432221 7.23217347084
4.75571695528 1.00746624384
6.27427386812 9.83489670097
3.73923316602 10.8660435551
1.8281474817 6.54155829218
2.78470992141 12.6871639678
9.36538346615 12.8704146774
0.764891651349 13.1710479284
5.13466993469 5.99089051297
5.23789716835 6.98580083022
5.65065942074 2.07140949974
3.17983356404 1.43811929658
1.22239846168 8.27562614131
8.62148789388 9.78380867453
11.893654533 6.21553575846
3.99967754769 12.9372133014
5.37177193417 3.99231814545
3.02884085593 10.9613517351
5.45672060614 4.11038981125
3.1349294382 4.27784226133
4.2143986217 2.10468819047
2.2993121681 2.04935850456
8.52180568878 8.54920902322
0.787430968184 0.727499309282
1.2320572228 0.899373460612
12.8930286158 3.69612145135
2.82988348284 9.43767108348
2.72950352919 1.34466509694
4.66585219915 5.94252068794
3.11858782586 4.32155454824
7.51170122714 3.35946443331
3.76651048326 1.194937108
3.28887136653 9.69808884545
4.48700597831 0.978029536035
11.6989229125 2.96913028168
1.83877577882 0.848958462388
3.58894018749 7.68888572753
14.8063683501 6.95835129173
4.49717032894 4.13561448305
3.2685785952 6.00108936614
4.87642856936 7.99745393651
4.38651802211 8.95267502621
2.83434236987 0.493346360208
3.30679650027 10.7561325479
7.47255891691 11.548774878
5.88472160074 2.95092873124
11.6458183176 1.06902783726
9.79881462839 13.7733333552
4.69982092429 4.04611713376
4.05360120682 6.76191070269
7.86358124243 5.89437266731
8.96254216625 4.4538685317
7.19338288828 9.4932250673
0.949167992477 4.22064116269
3.14732334998 1.75037696951
8.4454342601 12.2200403572
13.1512102961 1.184535322
14.5271307158 8.03871359695
4.50420041969 5.86843697305
4.7056032581 3.02178601806
7.98701048937 5.27886974807
3.8178068414 1.17868879365
2.41525574213 0.71991856136
0.999999585873 4.99777075665
0.829121237923 1.12426192918
12.8238393277 3.33040778181
9.15662964127 2.98263302585
12.5636609119 1.54148558121
4.01027705274 4.85700179142
5.30807257395 3.02386961736
7.41002081188 6.78656085436
2.25478177669 7.90925710559
9.74935478665 3.43678884647
4.42408813772 10.9722965036
3.53503388264 11.8449889901
2.53514100349 2.31268720511
7.31156018301 13.6980853939
4.70320375054 2.58176986713
5.97816646529 5.20782292024
5.89805316035 6.78703679906
7.01171185872 7.22553710314
8.74671132276 6.40076916868
4.15745569684 0.0714993053458
2.65413643297 0.522402024925
0.750785731588 0.562749149577
9.26835603378 1.76617593393
13.7341537597 7.17130331874
6.96769915795 14.8044969286
4.77147223683 5.97353739603
3.40694585651 3.79079427065
6.77898753715 2.58438344461
7.71467732701 7.93777586113
9.98840645276 5.34029555106
7.37401813826 0.510357327726
6.12827201137 1.90847322267
7.93799672526 12.4409794545
5.59521764149 3.98029598394
11.6312288378 12.4851054836
5.46394542955 5.88586378095
4.51606830537 3.05943046635
4.4113292085 2.05832246852
1.02487694192 5.4454174145
2.15087316927 0.891170932927
9.64992346918 8.79186124889
6.77040174655 1.7724203691
12.9399033833 5.97874116266
3.20915450626 1.31085615728
14.1492156218 9.0363168243
4.46030597646 4.15813875196
5.18721673552 6.99121819345
7.74859991679 6.20216408922
3.43331631288 8.68042147376
4.489796265 9.97390109962
8.0369140015 10.1746645638
0.852923007416 0.639304249425
2.11927676315 1.35090444498
3.95773361882 4.12878911039
4.18321987293 1.04165782614
5.25973793026 4.03432085682
6.82432510213 4.1803428023
2.18505524869 6.03734567387
5.25158920689 1.00791998189
8.55145303839 1.48045722912
4.59769473446 0.986497345971
11.4008933895 7.83347204267
0.685293524228 10.6282712749
1.20500410319 1.51904318741
1.39442187853 14.3273686756
4.20100979799 5.6013440422
6.98581965663 5.23773996582
5.31601585258 2.0166907668
3.76948444616 1.19397432066
0.40451240966 6.97015070668
1.28761688785 0.286380198971
6.09698441077 11.9135103386
8.53009484704 2.17902711869
13.6599763612 2.54952873439
13.1472251837 10.7985103092
5.98004567064 5.19877244139
3.27076973411 6.00486948781
5.8118828653 7.88805232173
8.67621579959 3.42347299583
9.98302252005 5.41168745997
0.0778099430898 1.80377626223
10.0609603806 9.83597767015
8.53116436903 12.1785011109
12.2110097339 0.385289093251
3.58560458333 10.127123359
4.51139553056 4.12749460034
6.90599676022 5.60595078185
2.81650740857 2.94272993918
6.99001018304 8.46985006469
4.87690153221 9.99848444703
3.52550799889 10.8160014906
0.395187517721 9.46003942232
2.99137389431 5.37140716388
10.8685775954 1.82347396904
14.536225868 8.01004920142
5.81637133064 4.42247264091
6.91211940882 4.41365593172
5.83127977114 2.11747091219
1.30446869152 6.53070191352
8.46195993673 1.392392289
7.97114988664 0.212702595692
11.8301664694 6.53258800728
0.0853685094624 1.31240028137
6.45736501497 13.8812210429
8.70108078199 4.28988703081
5.12729110813 4.00813459895
6.98951655826 5.204508837
7.83369382819 4.0150232043
1.03324876867 5.51466947521
9.18257163658 2.26027473916
4.74113182817 10.9944130046
10.4889385209 0.655859818794
1.27198761278 12.0782712325
6.99970087109 13.7750325598
2.0739623205 2.06817211789
4.83118858672 4.01435163129
4.03795040706 3.24658602129
4.5255186797 7.96224028004
2.77508977091 1.675879895
1.81370991111 1.14674741686
10.1337798889 1.89447201712
3.64930247114 11.868450785
2.27093882466 12.5201213488
10.8492883362 11.8400165176
14.974375639 4.2845766202
4.07277785467 5.37451180651
4.17089940904 3.1799471958
4.33409413264 2.07483857269
5.43686060998 8.97607253549
9.12260671418 2.17084573058
4.74503535939 0.994580304912
7.47116576604 1.54930070746
2.71807775636 2.89494044104
6.07785527695 3.93522400402
4.2616921744 8.7710818165
5.70498369327 5.70922351359
3.03355570208 5.36482437307
7.90874057674 4.26567836936
7.1724353844 8.35864920773
7.75174646144 9.17467261135
0.999244069636 5.09523966052
0.0577519788848 0.160666893043
7.22205825226 2.68521028493
13.4882361969 7.99162936646
4.99136952649 5.41537330811
4.01009155488 4.85829160123
3.70365952574 6.52299093064
7.65919843103 6.38876337237
7.12381566721 8.38960278082
4.2062583696 0.0634045918097
1.93386779849 0.157405677554
1.72535536562 6.94154454138
7.50377323854 2.59809973414
3.79203999757 6.92354690119
1.48701272362 14.3626342658
4.55245467555 5.89426124962
6.49818302902 3.67506694072
2.19255246833 6.05746789876
8.62730388704 3.31397908936
1.27814803646 1.66116517906
0.665179904096 0.851586479611
2.98086824373 1.7024702126
1.31970363648 0.0947634157899
7.34529478125 13.6890501431
14.7039181311 7.41536185813
4.67684924452 5.9463474992
6.33684957771 6.48755948002
3.51140435869 2.3953727682
1.20145674535 6.25342297033
8.09145924404 8.92974296137
0.249639148478 1.33474806046
7.95266948089 1.34678997105
12.7129532621 2.87624107383
10.4819850176 12.1377755826
7.36674052415 4.71589107037
4.08369695268 5.40048561207
6.50826601122 3.68655657168
6.24496636754 2.27052042622
2.03563407887 2.31438374193
9.02120280227 7.9715194805
10.9974318077 5.17553265225
1.74214451721 3.11758471398
0.258286950227 11.4433032952
3.05393784547 0.983274320883
13.130428704 0.822038224657
5.43190381855 5.90191967021
3.04069262866 4.59860913737
6.48357440734 2.39250944817
1.21368614451 6.289894332
8.17892730333 8.8593291127
9.1233440539 0.641326599394
1.76409220239 6.80195912205
2.7923599629 3.18916422376
12.3448690127 10.2012401585
4.9353288877 6.13544700148
4.26717857682 5.68042101799
3.51755846572 3.6574773382
5.72641280392 7.910725758
7.61858425308 8.02374213674
9.8821757952 3.92094508726
0.882303703447 9.36400930445
0.407498516473 10.2828903191
12.9849886118 4.51014607413
3.57214090378 2.25802984596
0.320852850112 13.8377362458
5.75525088551 5.65543580916
6.99891183555 5.06596570085
7.66494024143 6.37771314489
8.17622041139 7.43138312454
3.19130489964 9.66139700454
10.9796391481 5.49387818172
5.66925540521 1.96793349585
0.980891891191 1.91713596872
12.5795921099 0.147188088531
1.2110459064 12.8372768707
5.91319315019 4.59247298195
3.01012007938 5.20094253288
2.03640737437 5.46596002972
3.96251568756 8.86311096158
9.44415747851 2.70882905347
1.76594768481 10.0538011064
10.6926073249 0.926399400431
12.9287805364 3.93489943894
2.49015711492 0.010255878918
2.73222288244 1.34135074698
5.95231099418 5.30512910443
3.00001512452 5.00777803566
7.9844033482 5.30551048306
7.46991227463 1.85364761102
0.148157018787 3.79185278809
4.14670873829 0.939014566633
9.30069209885 10.5230469372
1.25555681266 2.0695930022
5.2540412402 3.99641389934
0.180937425243 3.55323841569
5.4775333944 4.12138640049
4.1479509341 3.19057677994
7.83293919924 5.98714512278
6.26349065403 1.20479363312
8.68689833803 1.62260741917
4.66310539925 0.990534369151
1.10347166549 10.8152443576
2.94973200299 4.1045888762
13.1621436381 8.79201941337
4.79513452884 4.99790128671
5.65977528132 5.75146295861
5.834653126 6.81751317994
5.32754665221 2.01793474407
1.03703937075 4.4569134038
5.54688281909 0.0299980702036
0.0957218698295 8.45659601659
11.9199369468 6.05568586832
6.30392638867 2.89302071281
5.26408399773 3.99612470134
14.8254730488 6.8601288577
4.05954612324 5.3399213228
6.53902428967 3.72273564373
7.99732317081 5.12670362948
8.99173141944 4.74293916085
8.15138554058 1.11814874389
6.675077242 0.761433522427
11.8325599095 3.4781179144
1.82706445706 12.34387364
13.9918362496 4.61674961229
2.70904750026 14.7340400987
4.79366605165 5.97848163077
6.22065217327 3.41569943764
6.60147951024 7.53678209121
1.09330148784 5.85889855925
9.62765369885 6.89336241736
0.0329284746116 1.73355989349
1.93267333836 5.96852484926
5.96080045991 12.9420943382
2.3255348758 0.22843559618
0.467858534424 13.9140167005
5.37829801143 5.92568386318
6.6580976692 6.11835241288
7.54580897755 3.41290937567
5.77966878648 1.07672119479
6.41028104371 0.203010592282
6.10218198907 10.8978974951
3.74747420579 1.88702977595
11.0862799754 10.1920319781
3.0839443427 13.7936756091
2.93112599271 14.783647599
5.94866057695 5.31629592114
5.75348598182 6.85263565635
7.93468981079 5.62257185485
5.23659236885 8.99299687591
9.80268552497 6.39075941424
10.7591055997 6.68306348398
1.99336361894 5.30473807321
0.913658696283 11.8776314782
5.03887160121 3.99991605509
4.56336928675 7.92266451807
5.88819023269 5.45947590857
6.82124141849 4.17351364466
6.72200080659 2.54343466968
8.36870192731 2.84318583904
0.0854238071693 5.92029389048
0.402061059709 2.38892047092
5.05206059197 11.9998064041
8.37733938805 12.252143039
7.58234427921 13.6215716678
10.657235488 3.24594971079
5.49979438064 5.86614408564
3.08509530221 4.42281718806
6.21923163967 2.25892827368
8.87555091063 5.9900025955
7.33442260766 0.578408534382
1.90492840835 0.140090645367
8.34291153383 1.15019857216
1.02858500564 10.2589127041
10.6707215096 1.98877081897
12.5328134351 11.5769842445
4.0466121472 5.30174758015
6.78450604964 5.90307151367
3.58132298981 7.6433606528
1.72355294011 2.70546417249
5.53299915455 9.97151002224
0.288054645093 7.83486826334
1.90477305777 6.15069936158
12.9999626637 4.97555864676
13.7493575324 2.89079570202
10.8712619443 13.0949541803
4.09833143451 5.43242779515
6.69389919543 6.06334637618
2.00975765572 5.24176584227
3.30146392639 8.62146036933
3.89135085406 9.87554069527
0.204398152204 8.6058567522
1.9639169305 5.70983165967
8.2630409612 12.304283927
13.7240795694 7.2114329444
10.7601087742 13.1744202797
4.36705903171 4.22579994145
3.77522065111 6.58111212332
7.40099192477 6.79867667388
6.79955864521 1.42766341417
5.17203183083 9.99703962854
10.9283605379 5.92441404837
3.10366721546 1.73824324066
2.99771256259 5.1912949715
6.2357050605 13.9147648877
9.5509050414 3.90445188117
4.6321801699 4.07010292366
3.00693885612 4.83354497071
7.31861365132 3.09631128177
8.6486088355 6.63940646746
8.38254690649 1.31782992987
10.3871038527 7.641800916
0.474878151225 9.36184699746
5.91476976468 2.94752768335
3.11414403348 8.89367006872
3.40665834779 10.4155420249
5.85462823024 4.48075960473
3.36924429369 3.84214170714
7.96761435022 4.56038076887
1.37598878487 6.69308674102
9.98350337881 4.59417482414
10.2036556092 2.01303359555
1.11001535498 1.584196674
5.38839470064 2.9905662851
4.14057002013 3.95887158685
1.13182582029 2.89941213697
4.90407399042 4.00461153277
3.96078918639 6.70881271205
4.84233288786 2.00414601795
8.61543687873 6.7113200098
1.24570804944 8.30231614931
6.77294029645 0.732074904014
4.42621252479 1.97644378844
2.53053962119 7.70018018171
3.27234243441 3.83262131737
13.5502553475 0.185858992668
4.40955492775 4.19292217435
6.98551879621 5.24023969262
5.53357479688 2.04783165518
7.49402175336 8.12727605014
9.75410776468 6.54869601981
0.215792920639 7.96572153262
11.9187998774 3.93688746781
12.0124235487 8.85044360747
2.9087647259 3.75366980348
11.4789952158 2.61725810204
4.00228866181 4.93238280072
6.92343827582 5.54807408179
4.68686569265 2.01638693769
5.87536736105 1.09695862394
1.60446028206 1.32980790368
9.90357296935 8.45759629429
11.8991519397 6.18393518114
11.5416434488 9.60509511175
2.36824704228 0.168068838927
2.11820639918 12.0236128637
4.68571571473 4.05067108543
6.80054201535 4.1293402209
7.59281985537 6.50906765839
7.86153142602 2.20506924989
7.70588169788 0.795454336428
8.43241618327 0.0787685337088
11.7939022598 3.31391219544
7.44843722256 2.61611155165
3.99557426897 4.71778807363
11.5356640411 12.5686917986
4.00172781533 4.94124078535
4.86907905838 6.99571032644
2.3417632614 3.60939673467
1.29945305945 3.48146375059
8.83214281883 8.21164777273
0.501631181444 2.60582909061
9.10835214833 10.6675781975
12.6832473929 7.22883590694
0.485410599391 2.13514334517
5.22977453898 14.9973598345
4.23985347028 5.64975168592
3.95759724675 3.29313254761
3.72047906783 2.28654718409
1.41474224944 6.77367608712
3.50427449381 9.77103816901
10.7436228073 6.73516484748
11.9327333264 5.96809535916
4.17588391934 12.957438827
2.74048689115 0.408174362197
10.072907028 13.6177499549
5.69784875577 4.28375485058
3.00241594724 5.09827488065
4.19528155093 7.89005678452
3.24808307741 8.59594036329
8.74717705127 8.31038731064
10.0955235431 1.83209220116
11.8976121582 3.80712678186
5.34769780219 2.99244056833
12.2082745904 0.388949566427
14.254987129 1.21249247636
4.93235596857 4.00229048064
4.29133492727 3.12976102738
7.46196846974 3.2857330272
8.14594582816 7.47043009339
8.82354218567 1.77811776218
0.966744208461 4.36915647677
11.9968442234 4.78983122565
2.07076112546 8.74223691214
0.850633133992 12.9864106213
0.631110668072 3.26381223431
4.25982988656 5.67241966299
3.17561142323 4.18048409352
5.10976627759 2.00200877848
1.00958104436 5.27668855855
8.72942141018 8.33037774814
6.37871105834 10.839448246
8.15522827314 11.2485625983
3.99825901823 2.93703439614
3.66388663755 2.56338999189
0.00906026288592 13.6654786677
4.43337168985 4.17602648214
5.61026916736 3.09538152288
3.30772078993 7.47713364096
1.62231279019 7.14271535969
6.94376046511 0.393288021348
6.25042132683 0.868257535709
7.37835079723 11.5835740662
1.88251408225 2.36758315546
0.353755744579 12.2344522548
3.69836759216 9.93339652082
5.86351431287 5.50432433162
4.63348569255 6.96613002175
4.62614661651 2.0233855393
2.41183383358 8.04981899381
0.0359079288713 5.59815542241
9.09623893961 0.615843690105
11.9947744638 4.72957403948
5.63638350081 12.9746483333
1.55085440367 3.31284516007
3.07640528418 0.896751451919
4.49335860687 5.86215688756
5.00618921263 6.99999042339
4.85944173558 2.00329457999
1.00337760491 5.16434546247
9.72387967662 3.36141500043
5.40579412778 0.986261865794
11.5355832474 7.50721989777
2.95202290745 4.12516762779
13.6119970066 2.38590215202
3.16504846295 14.8302061452
4.30023512846 5.71437323897
6.25039150096 3.4390640326
5.24488840615 7.98998823886
4.07957959807 1.10733686486
8.9267843501 8.09521641696
9.68496733604 8.7484771655
11.9844879446 4.53424453642
0.641602105093 10.6720653811
10.8326493831 11.8542104705
14.5019253961 1.8833649929
4.94975510339 5.99873692751
3.23170158109 4.06559072046
7.82136220445 3.98023762017
8.98276380594 5.37093458462
0.501093582476 7.18170599448
0.0857103713188 8.18363785928
8.28954841923 1.17890533975
7.23565299529 12.6812665417
12.2832081989 0.287237306149
14.4271596784 8.33596468764
5.99404794707 4.89105653332
5.65579645664 6.88942610532
6.85148877739 2.63949384513
3.01401689573 1.52784344974
8.73869576562 1.6800370526
6.89992068258 10.6912477894
2.28991656831 1.45410317498
0.530731752799 10.7802254522
6.66663763058 3.84433824593
9.66722304943 3.84403917941
4.18415767894 5.57827442203
6.90365584426 4.38673461973
3.30492669681 7.4752225146
8.74772795365 6.39804691818
8.72665519788 1.66652718084
5.4478860919 0.983259817916
11.8367674493 6.50286754039
9.39169948183 1.6867761785
3.12602532458 1.13118720739
11.7408881625 12.3865030144
5.85892194375 5.51210652656
3.05915663055 5.48283228483
2.64679956978 3.13923463725
2.87611642892 8.38956023349
4.42835891992 0.0327848369972
1.4981081292 0.127962097315
1.75652454709 6.83013006219
2.20493332326 1.5230853034
0.922113257602 11.7770623846
12.7688327421 11.2964464443
4.02620030479 5.22740746165
5.80252226301 3.16807259495
7.71388374362 6.27860667374
8.77923422144 6.31049177772
7.13276433026 0.477686840613
10.419546844 2.42541032293
4.6944155114 11.9933266848
12.9690221989 4.29666139502
13.8045473203 6.86546146672
3.21721170676 0.698897416718
4.02432557932 4.78077540096
4.66414923349 3.02840058262
4.83909074138 2.00431840636
7.28129299172 8.28568140359
0.147464574751 3.79463700625
0.91921725826 4.01874210856
9.63161619145 10.2486313888
2.4778515747 7.84283939518
2.70945037179 0.35625420971
4.00310987356 0.647527989214
4.5587596427 5.89738896087
3.20753768101 5.88717463612
7.97507517256 4.61408845886
8.65390832875 6.62756072853
3.95848793983 0.109677655969
0.918559984721 5.98521454884
3.0067024163 11.7101985621
12.1132752031 1.33921922459
5.31776545079 13.994388535
0.150552421772 3.57156985333
5.61046708718 4.20795837517
3.15206886351 4.2350486847
7.84242482201 4.04050996294
1.80348304192 7.40463704886
8.79469124979 8.25581300427
10.7840555231 3.4047878808
8.24618505584 1.20179672218
4.77348392588 2.99679251126
2.03364664496 0.614963479304
7.24557515385 4.74460836711
4.30695363777 5.7208930155
5.01480070711 3.00005476598
7.69704374495 6.31375608003
7.54431123149 1.9135003066
7.76359130156 9.16684090385
2.69512300947 0.53963374769
2.1330941976 1.38598865644
6.08976656974 2.92542798992
2.67555065191 13.6946498048
11.5781442009 12.5318005066
4.90783223623 5.99574349273
3.92919579658 3.31080541147
6.8572234969 7.35599679171
1.73104565265 2.69480207467
9.97255397384 5.52317012264
3.87585206248 10.8937501995
11.5886916585 7.36413667729
2.59287183073 7.51958277539
2.82100191656 13.7322372478
2.40958811685 11.7155047419
5.90954180814 4.58438756125
6.85459820666 4.25135756742
3.0394689986 7.27075278103
4.40684380792 1.04422375105
4.3897753947 0.0373771117401
0.933141000634 9.41142356607
1.89656000718 6.19894122763
0.0680108035524 11.2988477173
3.35184245268 8.35361411697
12.1419735158 11.9994438564
4.78751890314 4.02283482283
3.68600407901 6.50778470599
4.85471847131 2.00351985199
1.2835739869 6.47924902878
8.58383856985 1.51343993236
0.931236660695 9.40966720839
7.57221113692 1.51027878567
1.33939344887 9.87976338571
3.89669080988 3.6402600861
9.79591247454 13.7749201442
4.94767054059 5.99862987522
3.4200793351 6.22631590246
2.20387133107 6.08704391209
1.61296920442 2.8720849665
1.04416839238 1.94199472005
7.58723491538 10.4135215426
1.60651188196 7.3138713779
2.06374043147 2.44166511919
11.9418545266 10.7280586355
4.26445112741 8.76429878035
4.13719045717 4.49447087839
3.15450727224 5.7708155368
2.48035528423 6.62830909421
6.16037503039 1.17200708088
0.241479340351 3.46491657175
1.26377261006 0.305257739701
0.728062817701 10.5453180892
4.67716634015 12.9934834977
3.90799454394 6.28360165359
5.08923735394 14.9996018268
4.02311192246 5.21375145372
5.79885110517 6.83353126828
5.88568572585 7.86627995754
8.97684697004 4.57024637656
2.20726902234 0.852632921187
1.78998956375 10.0691057396
4.38077211652 11.9725574095
11.2326985199 10.0153234353
0.735480814169 12.9255205579
3.44331141709 4.87809296655
