4.35392335488 5.76327253889
3.01767142284 4.73472012484
6.54755749911 7.57003225406
2.67021986937 1.74851963824
9.75214167669 3.44528154167
10.9185606063 5.98521081487
10.407440189 9.44517610474
8.47060846319 2.20797314751
8.05043991214 3.46727915817
12.873401301 11.1651887201
5.99308269091 4.88258292707
5.06705246235 3.0011243242
6.88914791399 2.66952361972
4.27636501349 1.06600045675
3.5728615875 9.79200124703
1.89572759385 10.1345392031
0.45302117696 0.610858848974
0.119520702035 1.3388423093
0.862324756558 2.99247418387
5.46819734784 14.989033549
5.23043083201 4.02691129302
4.67644696568 6.97365484165
7.94113628674 4.40863095883
3.79964478834 1.1843549214
7.43964924657 0.635585771981
10.5900156014 2.82015468985
1.82151210477 6.57065992643
2.34723935714 8.16513409336
12.484498401 9.99822805461
9.40062909953 3.97966945541
4.81483856933 4.0172918823
4.75440694614 6.98486373636
7.91744439269 4.30105921884
8.05073099555 2.41290889361
9.99400653744 5.24474211742
2.5708240335 10.4862650432
7.04988699676 1.69312806545
5.46047571397 12.9867366375
13.016988734 0.910025472025
9.22198561541 4.06503378169
4.71843472007 4.04045792529
6.88936231285 4.34401977866
7.67930299935 3.65043138831
5.35706459172 1.01596876552
1.84837685148 1.11834165211
0.975075174056 5.5463301789
1.7979562854 6.66966773396
2.89729015738 6.27781382451
0.884332052188 11.8098925322
2.02467364958 12.117159554
4.90264818616 5.99525003107
6.56663917445 3.75676160891
6.90548338572 7.31713898304
8.24615966638 2.66281206995
9.11017967813 7.84717807899
0.955057106647 5.73300399492
11.261034804 1.86959376709
1.13228784639 0.137610900898
0.676879468451 11.9837697199
13.2544551532 0.644817988532
5.98882001739 4.8508860395
4.03036548873 6.74923094946
7.98142010884 5.33336786678
6.68564689335 8.62747771199
9.50462833705 7.16986717221
8.77418066513 0.33571438407
11.994386949 5.28026988457
4.98502955986 12.9999859929
3.08407811739 1.0442850214
14.3826506981 1.54082872973
4.90752319148 5.99571483864
5.61651083954 3.09739274028
4.15067651719 7.87726425994
8.99420752852 5.2151887988
6.6375186641 9.72424942448
5.04020620094 10.9998652869
0.440633888968 10.3115139711
12.7884383283 6.82762917652
3.83148668561 3.26655172507
4.78615662618 2.94302686262
4.74074902853 4.03419001155
6.98638687593 4.76704683061
7.18523145773 2.94457705663
6.00056013273 8.87283867735
0.330132239249 3.21328930795
2.56174190863 0.482234715868
1.17812948675 10.8645806142
1.02273679123 10.2656093231
5.02152298915 13.9999742645
0.80727250029 13.1409818884
4.22831887787 5.63600962709
5.36419345222 6.96656124475
4.49350233733 7.95693424305
2.79214385265 1.66452833431
2.04610888135 9.03416995913
10.9997974039 5.04930631201
1.82898891118 11.2405679769
1.18925130704 2.03407381246
12.6666913646 9.71400504027
13.9371256478 0.513599978137
0.326971259575 14.9580521384
14.8925678898 1.79242964967
17.9688276285 4.10027229591
8.87950585124 8.45174465823
8.36895493976 1.80228225074
11.4737269913 19.6318440001
21.8135773254 2.48929939593
16.8004894396 18.592220164
19.1702397018 17.6571839994
12.3542441541 3.18016460235
6.11254752109 16.9483152793
16.7182281495 10.6287768686
1.96847489045 7.14250211864
3.02303685731 9.8691498322
10.0002864143 0.56699267913
10.8575199145 10.9589930901
18.7341142987 6.63503779238
12.8922505312 1.39275925781
13.7534017786 1.66167826468
4.88243626199 11.807161929
1.14002589452 6.45862478724
14.7167815154 15.0788966153
6.22754671653 4.9469691227
9.44046996234 1.89005277678
20.2410038571 12.5307238315
13.0848687478 11.0821297511
23.9642498218 3.83499841277
5.87335165086 6.66439895358
1.72754284127 6.54517319681
6.78020458049 0.49788868947
5.73045532187 13.992070317
2.49126746358 19.7887207378
17.1476636243 15.4131776357
11.932168643 6.51712393903
3.5624217146 12.9425017395
22.502630043 2.39310094463
0.0762157218835 4.75869017568
5.45455179447 0.890869781012
3.11874865639 7.86316031861
2.24360957019 8.72597216223
11.0947827952 8.70597032973
6.35531227328 6.27195116988
0.0943675216568 11.2768169489
4.34856639161 22.9882082002
10.1868078311 13.2783211626
5.17577280336 9.17775631821
16.2143381929 9.27066960741
5.0353451286 3.26388819805
7.82511521322 0.613948678751
1.69894282376 8.42103442526
6.47956612538 16.1453829711
6.93581707518 17.105216675
8.39549785159 7.02333719514
4.39153105986 23.9902544888
3.11379059783 12.4274088439
16.9282897774 3.69007519788
6.68635435067 0.694657319851
6.4187199139 18.92792999
1.84157283012 9.66370818765
14.985921432 17.5012548631
0.249643328938 11.1691448419
22.8162962286 7.56507089474
4.62375235069 11.3824110159
1.83302911384 3.62030818065
2.74936874701 14.1622750462
17.6683300193 2.08222438782
2.56554336596 8.7867117507
18.9151227312 10.6008355963
15.3081146462 17.2369429369
11.2228615368 0.0812167399333
6.23818619701 22.9573632514
5.21035181348 21.0233802877
14.3112898991 10.8566099764
16.9922578791 5.43098835313
17.9828108778 5.6682976219
7.38214476278 1.53318383896
18.3101851284 1.91657226136
4.61411236066 10.9953459084
2.31196640461 10.3471543713
11.0326680366 13.1825152386
10.8417718538 5.48991251312
11.0444557299 14.1904599955
2.93355196749 14.0032634738
15.604291271 2.51990735586
8.66335686879 8.05166824477
19.8304724473 2.75120321264
10.7766144118 19.9208151901
16.4757081264 7.54225350555
7.9209219854 17.5319501694
23.4253706548 0.362574395846
7.63302249894 15.6802243666
4.25498176067 12.6384103457
2.73963021114 5.44500474843
6.65637175761 2.75428897117
9.24676156491 9.69358976826
3.41124808501 8.61069085875
17.2206956773 16.8175546186
9.7578847211 15.3055731795
6.86478331589 13.9082675881
5.61795265487 7.87386176058
16.7379118614 7.49427847981
1.71374623492 6.132188082
14.2073064165 15.546350485
19.9245275166 6.50282347827
2.70348447173 9.02342065952
7.34566158005 16.6869431483
21.9182127772 1.1460618632
13.5869809403 1.05993153314
1.44111575161 3.91695171425
14.6963016149 12.0697761629
7.45809998941 1.28573767031
13.2952550652 6.27779869493
3.77133159113 19.9495944407
19.5375260953 11.6828388451
8.79127485729 4.93985602565
8.34358267169 12.686731041
13.7532731603 11.8635763995
1.40987709292 15.397644806
7.74224793564 6.68246875705
1.75962469518 6.10438985178
3.92957293813 8.95901808528
4.4013742365 16.6882061269
20.9936730904 4.5500876992
21.7818204973 7.71486662618
22.958146311 6.22677670045
21.7290686972 14.0076778653
13.9507919941 11.3940067781
16.32766659 8.96029918399
14.1751192316 4.20962469846
17.0938796711 2.05252256288
9.09699969056 10.1258755081
18.1199792354 4.15784608212
20.1131687396 2.78409472248
0.237244410718 22.3584607381
20.5544765888 5.9113820412
1.70835552765 5.49595525275
5.05785438357 11.5451940536
4.48052933526 7.98961701624
18.0589042396 10.0462877504
7.67425909469 13.0226651682
20.9697065498 5.984110112
2.62479080363 21.8332522489
19.9367305683 15.0446045184
23.0647728147 10.8876126872
13.0279873555 2.52006775366
10.4093336939 5.71163428185
17.338169268 9.09506765699
4.12357457491 15.6188693831
7.12348849379 13.8329511909
8.89485360179 12.9330349416
11.6443765738 1.54099313815
15.9344275553 9.29819198489
22.6634796059 12.0001063001
3.54430564442 11.9278309055
14.3372325748 2.53764471463
6.31073860616 1.40836891752
7.39183546713 11.5147842447
9.72353526111 2.13338014119
6.92334040848 20.8839781438
15.2862238789 8.53490296653
5.19875333626 12.9989026641
0.468291597251 13.1960926302
5.09195296849 0.623644749135
3.76044350557 3.20089199939
5.74461779376 7.97865726265
1.1096846933 8.44862248762
1.3128302942 8.60691639118
16.7522153519 15.8575058978
12.7562100541 20.1274983258
7.74951294057 17.7062944944
6.30930386883 23.9548337734
12.2492514398 3.27335201494
4.05851414537 16.9630098381
0.440492385738 17.1741895137
7.79348077329 8.71847167761
10.8511183022 8.81174915112
17.3799829022 15.1358780251
16.610234633 17.417827981
12.9993868399 4.85142884251
5.78072638022 23.9839528634
1.51863120923 13.8604428308
11.4428501335 15.1237187909
14.8525130552 3.48103687624
8.99547273168 4.64399014508
19.9756381194 5.85455422057
4.587182136 17.8096033776
21.6290172965 8.53210755102
12.0591781665 0.743208187363
15.8252129838 20.6145689616
2.53768503592 13.0114483272
2.94399386946 3.99405144537
17.841662422 2.97720336153
1.40684862927 18.53104812
8.50871395382 19.5838584192
17.1525514895 15.4074729062
0.996590491717 21.5218858581
12.029742982 0.829910288201
7.47377528419 9.33195486176
2.98455318684 2.56616880637
14.3455812774 2.52729105245
16.7324608121 0.599050213398
18.4813816214 1.22477158581
18.3907202746 11.7593350654
1.38780661497 19.6695578205
2.61342414094 20.1998609484
5.6471564056 12.9883625877
8.83552640252 18.0222198248
5.74675834894 15.97462309
10.7181946752 15.5499881354
6.63671695339 17.896556037
10.5369922955 17.8585269887
9.90393052179 3.30505014778
20.972271868 4.05844204927
10.1410272595 12.7297667187
22.9937409286 5.47464449289
1.68158533114 12.7864110338
4.62649863636 0.322642577162
0.253412462599 16.0213387004
10.776431503 16.6461512566
18.9865139217 4.38564804933
9.97909471424 4.20834253502
5.03126680858 20.9999694496
19.1140088682 14.4760093747
19.1733202597 16.0958096963
11.0551182883 15.1603728646
5.36897892806 8.67209422394
4.54799481415 16.9914841163
7.97299693777 4.16253331261
17.6731519008 10.9490521009
1.01807797789 18.7398230502
6.4700431641 6.15518309189
7.34021141155 11.8381534186
7.82966773037 12.7761913957
13.8372814381 2.51870436607
13.3135219318 12.2031488316
5.52757430084 10.7593558095
17.505022251 1.44691422815
4.98946437413 14.8087002971
0.25437813233 9.0496089071
19.8895834302 0.856646248194
2.17469830181 20.4118040566
12.9949018557 4.57162259069
12.7687295389 1.72846569224
8.90504998431 5.28351032576
3.72967687947 3.2336347733
12.3098898202 15.7501400371
8.94749076923 3.78859534337
7.47666777587 19.7941243988
1.43717744028 10.598278604
7.82463718045 21.7636936502
22.9022402249 6.8734446698
7.41987347546 23.8452702916
0.832675992984 15.1800496374
9.89536070016 15.956068803
16.3633516187 1.31460529163
4.35195483784 5.41829835967
19.7550248293 7.69985967897
20.9624455927 6.09559604739
15.3992619241 8.44824715102
22.81300422 7.58783319762
23.7622981963 7.99602509913
13.086381999 2.45723984906
1.91123520456 4.8099351653
16.9623110998 0.0895101091004
0.281537126324 8.1808993665
15.342889893 5.86391405805
5.14966510125 10.9992999959
0.656286313854 21.4356974727
14.6733094611 10.1798249025
3.6620785743 13.9528353092
13.6794812591 1.75770708691
14.6752755283 2.09852403325
8.2990761864 17.5744223055
2.70216941632 6.69087619823
2.03890685683 9.70482667009
10.978999555 5.81949571194
0.653645768943 21.0323513409
13.395486877 20.9221795021
2.19062944512 13.7911531601
15.0583512585 0.546959470131
4.63738284898 16.9945199488
12.9477871663 5.28750111344
0.461866081159 17.890617476
9.11251261652 0.0830097037621
9.79330631375 1.09574345815
5.3837068509 8.46026121718
12.927491472 6.61401658072
11.3776567297 14.6318409478
10.1372250505 4.72671161186
16.9873910302 4.45003973799
7.99009824715 5.50729432222
14.2684756061 15.4926336036
8.11315127407 12.283217947
4.47713305057 17.8912353614
3.60396747528 11.9425822468
12.9998621107 4.92954437178
10.8217448654 23.0861075614
5.71543263397 2.51413929052
3.27379372743 3.69162455217
13.6600231368 14.6955659592
0.617059662534 7.82375298996
5.48691523212 9.99209503561
15.3396420579 7.21031539786
5.21781819018 11.9986045085
22.3986693985 0.386291821034
23.9980821158 5.26995540725
5.66214386493 7.70530741389
16.3185991163 8.98614024395
4.63465413931 3.72773966247
1.50612918322 8.55702278215
7.79891883261 19.7365550034
17.8578033677 4.52244152297
2.83331756641 20.0877147343
10.5465659372 4.07217104995
23.2226963928 0.378971665388
10.4077390984 14.5789539013
3.87626943165 3.07538488103
1.77319688428 6.09611661649
18.8076306865 7.31286290697
2.4438848767 18.0226179374
20.9990991984 5.16977879213
5.16356712893 8.62724855632
3.30120905851 22.9196570653
13.9959601731 5.3917870641
13.2443215391 12.2822498144
6.61338754675 8.02146151537
1.54605867227 17.5327686209
18.3759904181 0.8668558777
15.4741175773 5.73745132597
10.894815032 3.16837364657
11.6711624718 1.6724871393
12.8115653653 7.5977180829
13.8721493367 2.7995501791
15.3888805596 1.38459397592
4.62396239029 6.99410670772
5.88245008055 12.1114190036
16.9038486206 2.36874399193
19.983933368 4.30592448225
4.98425722201 7.5025840419
19.2677586406 14.242892587
22.8303027661 7.46582709642
8.9901209378 17.8559914494
4.80946939588 5.99834978935
4.41325767557 12.4424847956
3.5434356436 7.91814306608
12.4266498296 16.8678082353
2.24885139832 18.1321800705
14.5250290183 7.85588667498
18.9244838877 4.75237142761
19.2363392977 16.0148374206
6.98385513359 23.8961456072
15.9177948843 3.65770537313
8.40227424861 6.50758575624
16.5193111219 11.0254021673
17.3305421653 11.6300625871
14.2844528503 16.7812959929
9.88254959445 10.8744972184
6.76818331582 7.2682460623
10.6875550866 22.0778135936
11.3012983338 4.76051600231
15.4497537772 1.56450207464
16.041175405 0.299739828896
12.2973283068 5.75867090226
4.74265435429 5.05388910486
9.99343261272 5.44382258587
0.771186728438 9.92291539028
15.8849037355 8.05828743244
12.4108456961 9.56754333823
19.2490936126 17.5683463996
15.7621992644 7.27487735775
4.85508659069 1.84669761929
8.03115197324 17.6416817598
14.2762199175 15.4857877168
7.02336310153 3.96876467128
11.6529290665 9.55123825784
16.5533938543 17.470729347
20.6613640407 3.87252367617
11.7627003017 3.94493591905
11.8652623321 3.59465956929
4.64346782838 12.1416754507
17.7012932071 2.2292328016
18.9646091269 4.00516738389
15.1573570333 6.03757664069
5.42084230478 17.1410891463
21.05786892 0.580756736153
12.9847675027 4.25963666157
13.4736144384 0.558652278581
13.2383185817 12.2890401938
2.88527463119 14.0455759347
15.5361116376 12.6151396284
0.326544019709 7.94712048318
9.90474647554 3.31224039035
4.64578159353 20.9960785607
16.8458676591 7.19325302795
12.9279823804 3.39144544168
23.9683594189 3.90394299602
15.9030668458 6.45709757973
6.70932608234 7.62520145843
17.6245192757 8.10185638894
16.4228350391 13.0943708631
7.78414639051 12.8463750271
7.66360677595 4.77921589005
21.0614092213 0.570559561257
22.9717713949 3.99231307883
2.68814975334 13.8588268044
15.7042860103 7.53342870631
7.84611037086 6.6576007719
6.96735994875 0.0776269907363
2.43258545253 16.8640917685
1.03641168954 8.73177825026
13.4415349253 18.5919273139
11.8309580023 2.60858771325
12.9999836087 5.02429166135
0.627704284742 13.14742253
15.939201408 3.84506599552
13.9124316903 3.03545651254
17.8364036874 2.94409621507
8.24221301887 9.54354425121
15.0466225813 6.13846374993
15.4568595747 17.1100820739
1.34860112232 20.7700749456
1.99906146184 22.7480806819
7.11699814377 19.6348336507
7.68153414378 15.6681476666
10.9199728546 5.43809951098
0.560498974493 6.75078087425
18.6233197216 8.22570298744
18.2768529871 1.98034202316
8.71936915779 13.2327947814
3.11615647077 11.8952991556
21.7946729736 11.4760296255
2.62535747545 12.4026987382
1.507905399 3.86832381669
9.32857880362 6.19211354217
12.6189613353 15.5333483836
5.96454497511 18.9667337982
18.9572580081 10.494993075
10.5094393521 10.0215204964
21.8914517707 6.91803469148
8.07334636061 7.37285799383
13.5525148653 9.09929166736
6.79689448857 5.85224263445
9.29540051397 16.2048888627
14.103761188 14.2801687609
14.792885167 5.00496877084
7.35160569844 3.51104204374
8.46600109091 20.6200779908
20.2596394763 12.4928901668
0.866449276345 22.5189542615
9.97336764693 16.6960788861
5.98154645885 5.63689667308
3.30704175437 6.87997863544
17.0613857805 0.149951231707
4.34027101323 18.9844469917
9.90933949638 6.64669237617
0.302474137444 20.0958195545
2.43344381705 20.2886857846
12.8847820766 21.1811684252
23.0381528777 10.9686716078
1.0163215043 15.2533070588
3.94253507488 3.00194141659
2.09672777084 15.8920363085
2.09483848031 8.69525598682
4.60350916589 16.5226998442
2.12271224668 10.7391618323
16.6745388752 17.3573922027
22.1363836798 10.5085709923
11.9612341016 3.56250767883
15.704063927 7.53436687307
1.08677888842 15.3417175925
16.2588263262 1.49914069371
17.1857109614 1.89263725757
7.2601223291 3.64230296134
8.44748320046 10.6241754849
15.9413410822 18.011035905
18.2780381957 17.1529297568
8.6879356322 18.1772689936
0.286353591192 4.64647426311
6.33656035925 8.93476800092
7.36291794167 0.980266181998
8.10005427732 9.93847931364
14.7529214123 6.39651367413
10.0447956095 10.4455601243
12.9673687346 20.0173578051
5.76672086498 22.9836631173
5.86741486689 13.9801894471
0.308082049704 4.63453501491
15.4511618102 0.896881957226
2.90336927177 17.8298144799
0.904113152757 18.3874460199
0.891630105542 9.42640969924
4.04267341518 8.19962338502
11.5090510787 9.05601189367
2.86038816117 12.8723826386
4.65658990881 11.363076463
9.78107343215 14.9066309529
4.85867069908 11.8415357959
5.08875646577 3.19859701257
9.09777659214 18.3868677069
18.9409808756 10.5361586164
8.2783987657 13.9265965641
3.64700554996 19.6365738825
22.9900649783 5.59796494601
14.3362935028 11.5479190121
15.9751354039 4.26080931699
1.94804632227 14.7838976029
7.99519995506 7.65024810939
3.89561887692 5.81054877407
12.855046367 7.77882023401
1.39987376399 9.66429731713
9.77589890014 11.3153544153
9.50788192513 5.65464039969
8.81245312745 13.6135757218
5.98115574512 5.64359808989
0.704570407482 16.2048777153
17.9792034111 5.73503660649
15.3972669088 4.37533150492
9.25471917832 0.330633753157
16.4898643799 16.1347661193
4.39262627973 9.16963554822
10.6207018585 12.0999330589
11.6583384413 14.1378203296
4.68442292927 15.9954723006
8.50783479005 6.47584833839
15.3766469702 2.83104064959
10.6209643063 17.8220419695
19.7126435249 2.07799375273
16.9656933731 15.6217786693
16.2396505582 17.7542249992
4.38761050109 20.3581499237
12.7813827749 11.6949553108
14.0989726423 11.1813183752
1.54297589791 15.0592975102
9.42214206412 17.2247560125
4.41028870933 15.3656387361
15.1285999764 6.06397137193
10.5746546723 1.33528557207
10.5816849799 21.0575462878
1.57138443821 12.6704441181
7.45554086221 19.3478047739
14.2574376921 10.9413674669
4.41895231308 2.43527654656
4.20017380672 14.1845959043
6.24153491085 3.34433297803
10.3395884153 19.0174461138
19.6986854963 1.32049402201
20.6948712638 11.5323055665
1.61356162889 21.7409916845
8.43537231799 13.6868460966
15.0524348368 0.533619602953
0.752173858518 16.2230108737
7.99998799064 4.98232959808
5.45008763008 8.99276316977
10.1614553574 9.08401145248
1.27727104942 10.5608897291
6.49380463138 11.9342418703
8.00594682304 7.44368704349
13.3590202068 9.89350355542
2.34261712356 13.1906027725
2.96535421152 6.82625116068
4.01326900883 14.368083143
2.60031408344 8.79280636788
19.5008401345 1.16260043859
15.7730541931 16.8296789201
9.37503969361 14.0751437348
16.7413497177 8.64333928357
11.2375961059 4.86612754341
11.6703599503 3.74678787518
16.8638542309 3.19751205641
17.3620101846 0.977475395376
18.6027940466 8.31119225151
15.9099182367 5.29435204701
7.21832866975 5.33017156285
21.0202753341 0.687774452375
22.359222638 9.75997787869
12.0417118418 3.401193814
1.57183160342 5.45216061131
9.88975423891 15.9585721462
15.946386952 2.01260384575
4.88601454251 4.91295699906
0.0194905419286 19.1490114686
8.71569097723 20.5625717849
10.6012297644 1.7528978844
2.66946885721 11.284325207
10.7729356972 5.59313454515
14.9747500307 9.63727957149
5.60051865587 10.6239669475
17.0243244802 0.0587834700553
8.994210571 5.4025797988
13.0984011534 7.62600090128
5.90802071311 6.70534425476
11.251759223 20.8087161597
12.7974818341 2.30748437984
2.45980078934 23.8294287744
2.17181783958 3.34056526117
15.156773202 1.39061484705
4.54490452603 3.82580294302
16.8724659547 2.41920158464
2.37893130357 18.0595318759
9.81678283547 10.257739122
18.9165539954 14.7636839817
10.9134387832 13.4120429203
9.08149099833 13.5564390773
7.44226506019 5.72545296833
6.06071149724 0.345898456748
17.1884976216 0.478880035994
6.819428287 2.50340689076
13.8948121643 17.0781752166
6.59261819113 20.9205391648
20.4136902991 12.1706451149
5.78759094425 9.409298443
5.84416042615 23.9812379252
1.84194078752 5.5369189999
16.0967922178 0.432593463031
4.87363180822 7.99938579626
7.91678375124 0.399694206507
2.41118062265 19.7749116489
2.95297187032 20.8685120864
8.10389141373 21.7142411761
6.23853514567 9.06041705567
10.324201522 6.23249071726
14.9659622248 0.343864592507
6.88345868948 3.33164464956
14.3438291118 14.0384101217
7.40709165164 1.48568244272
10.3658186911 19.0074262366
18.4950215263 13.5956031786
4.75540186167 21.9982402545
7.64630748468 12.8044111584
3.05709872802 22.2070671553
2.41130733324 3.12850069892
0.458064872796 6.10724202042
11.1562286526 16.4499278939
18.7284912986 2.25618392291
14.8629023014 6.30146708143
0.021149411716 20.2056254991
9.35834009749 21.4318249624
7.30978780235 22.851187084
13.0761212497 0.852678067769
0.293099961494 4.94208690505
8.68347428502 16.4206837445
7.33245968059 17.7890434294
18.1550208261 0.209861477535
5.50028514484 15.7118631375
9.30923469439 12.1586173568
9.72170356902 13.5012613197
12.061576537 10.7360793292
17.5196113724 9.29193237758
4.69679854023 10.1934668643
2.55980785699 6.74927496934
6.29404570359 1.43774274456
2.09384662531 8.69504554804
19.9234919678 3.48692779842
8.95572426522 12.8254559122
16.7533028449 7.28250268614
22.3433634656 0.182558386581
23.6682516563 8.53502193749
10.5457788591 4.49970193458
13.3283332013 3.63937880221
9.27596408937 17.2766498324
18.4574162104 1.14021387393
1.07689789165 9.47788899831
16.2748765641 6.35240760652
9.41283291636 4.01500123822
12.9860611135 5.70824121654
13.6830905649 11.8998206571
5.72452934901 7.44631769039
2.73226654751 4.17671259429
10.4094633321 6.82107044469
1.66240068232 18.5963388747
3.65077988522 7.25414245786
0.0837835661503 10.2259914612
18.3808955898 5.4857824322
0.554624145301 12.1215113411
22.1454241456 13.1874557017
6.15376980664 15.9393242585
4.69292271583 2.07440804768
12.5338924896 15.5943600068
18.9540008678 3.86604242499
10.3361227203 9.01876579139
18.2997114751 3.89481167189
9.54344216003 21.3816096077
4.20092357318 20.4707144438
20.1998283174 6.40022890652
14.8595534577 0.122582075064
5.84205424516 0.142942712587
0.132476848067 16.9439391075
2.58064988586 6.77003599434
6.543325611 9.92039362947
2.84652620532 8.94388850032
21.8908833239 6.92303420066
3.41741863495 12.9302938131
11.0782551934 23.0015225413
15.6458106063 7.76888362623
16.812806296 7.11130467082
11.1271480563 6.4655159804
1.49392020471 18.5538704608
8.65536753437 9.5477932412
10.1861216501 0.0380263226375
3.707358958 21.9507840272
5.99600408768 19.2508909933
10.5903948875 15.8599994131
5.48133469814 1.66209302922
16.2860349989 9.07742737569
4.22022095603 7.97659218141
8.65687547168 8.08054416476
14.1561029981 16.8813205448
10.889856545 6.87415553776
6.9064172911 11.8927668874
15.6396002349 9.51891548434
11.4807154111 14.4544179905
5.55447000833 1.90110296343
15.4826011445 0.840811009196
0.865340204424 17.3249579462
9.68741778301 18.1919715936
16.3469741995 4.8105135705
8.90425778157 12.9165406298
21.3306753557 0.276755095726
5.96852943692 19.272048276
11.2081261929 14.9144664665
15.953254541 6.01302268442
6.70156192483 2.34040444442
17.6322668858 8.07015200386
5.87404968954 18.9726889731
0.98182753044 18.7556439106
13.7376873164 18.4034629988
8.11588335823 5.8154335897
0.860941513928 12.5176538055
13.9206158277 3.26497933677
9.99410709033 14.8009639511
16.1746110531 0.626435342589
14.613477462 13.7510599979
5.30267152329 18.9967278301
8.43084054754 11.6792606018
6.34995135542 16.2773491668
8.74301770991 15.0064711175
17.0205401351 18.3980078691
23.9985888862 5.23156065011
7.62473829502 15.6822632847
15.5073898764 10.7960985142
3.0552577505 15.2035691095
1.2284965672 17.5381749275
9.88825233403 3.17244906005
4.71514830201 10.9974641587
6.22068496607 7.77091339303
8.44980303947 22.6663199051
17.3281870629 19.4573788683
5.99177582812 5.42528125335
5.77309201367 0.285876319486
4.42810960291 3.95046084375
14.7932309945 5.0046302625
19.7833968324 2.46008305362
15.9357345259 6.67945676728
1.38578892755 21.6113659379
12.8606894305 7.23512260699
0.334293297846 13.4182295829
2.39144340488 15.6862262979
16.5111215237 8.39029220949
17.9545838724 3.91429438018
18.3725804317 9.14416367887
9.94271122791 6.30972560453
10.7716196708 2.30630124943
6.84076326686 17.1982099202
7.48191122517 7.96926721781
23.9957321892 4.59731079236
15.2013102151 9.11500545504
9.90010126104 15.9539494079
7.23631533107 9.39005548013
4.84193902332 14.9567181471
2.45289912776 18.0174611423
6.79144328711 5.8148909013
11.2766942192 20.7988325417
10.7742092083 13.6703127886
10.2948280787 23.2473229712
5.20809990782 9.09813326674
5.18207171816 11.3502295648
16.2104196069 1.58228624698
9.47067845248 18.2669903963
11.2542333874 18.633948978
1.04345368635 20.5030881204
10.5228460222 11.0778783369
4.60389989992 20.2238335091
13.0573431823 12.206952689
2.82864705531 2.72737246956
3.257863003 3.70676166113
2.67960381348 7.79123768592
14.4606103797 5.3197311614
3.20489143087 17.5570600304
18.9669891063 12.8053324916
5.66579598928 18.2378546568
22.3359415039 0.155917819303
15.325727511 20.9492743211
3.01546398361 12.5334147057
16.4230291762 8.67619428745
9.47241604971 7.20645299333
4.89558988597 8.9996106563
19.9983312758 5.22373855622
15.0205669769 7.47350141144
11.9999909441 5.01754710872
20.2100579346 4.62570192899
13.6952388524 8.38940175427
0.138116382061 14.8672228963
6.77140125614 6.86853561269
15.3562770068 2.85795943987
18.9612832993 3.95953441312
15.6758505613 15.5368977784
18.7223353584 3.22784979874
10.2126829255 21.1810981308
0.309546875856 12.1990904403
4.28027760354 11.5793982883
7.45501693893 15.7225412953
6.32826651589 8.95858279502
13.9154477845 14.4612256501
12.2411303012 16.9819043545
1.2846097773 9.53257979483
0.847453628112 20.4517428994
6.89170852149 7.14855005504
9.32287265152 22.4732015395
22.7356375388 1.81521541053
4.84972905402 9.89722753836
13.930758944 13.0150823254
7.74768670955 2.45117996808
6.87063719511 12.4221272276
4.74947243642 6.39946433879
2.85993547793 10.856232965
10.5628525086 21.0640801781
21.7535733557 11.5816244054
23.9362415437 6.55523509404
4.30816668175 5.9782223816
2.48104899963 6.73264189591
7.80681618626 17.6933755517
4.97252426237 4.82592284909
10.4384518322 18.9793863123
9.95466280534 0.688414575126
13.7645609469 19.5664845247
10.5893407928 22.1102095108
23.4832421401 0.598891050004
2.29066535866 15.6611212263
2.18152431963 6.66431287471
2.42779778815 5.66901213883
8.9739993949 5.85284284089
5.46105911236 15.7501740566
4.10455519325 8.15701617894
16.464617073 17.5523924162
22.9997009661 5.10375514665
1.52973057285 12.8427189253
2.63470480496 5.74268954407
16.4169976188 1.30511632479
6.731481644 10.6011015378
8.49646081071 8.72096030415
7.8266029386 19.7312700005
17.7962289365 4.60502602828
6.02774936531 7.93788019484
12.858855915 2.75027437077
13.1646167802 12.1563117491
4.94853576417 9.69325432392
6.81062029347 16.8626158225
8.82177857045 17.4255385621
16.9387710845 2.31202742006
11.7924113222 8.37397279908
19.1550978202 2.45876703616
10.8632497844 10.9568888561
11.23729015 12.7685525411
22.384869296 12.6659193552
10.401277602 14.5825988263
2.94149649197 16.8221217769
13.6629870806 4.69291776717
17.9043258585 10.4293990586
13.0319208174 17.6683956357
9.4455111456 1.879477287
19.3834890352 4.06174614385
11.8215924065 11.6573070164
8.98118400267 13.5782177277
10.7021888981 14.4066488066
15.2924432729 1.1697335011
2.55903235022 5.57643748756
18.3084371085 0.654254755469
6.42204146548 4.72301232957
20.9478331289 6.29097579132
9.31397898099 4.17115073106
8.84424613804 12.5847027734
9.78112761594 16.9381014572
4.31832992372 10.8454022473
16.876106955 6.71990801881
7.74866299249 7.70609506315
8.99909372031 4.84070464526
5.81051997036 5.39868539627
7.70331049206 10.769975028
2.76806328863 11.8528471932
8.69550264041 6.68046263752
23.9986865554 4.77659639391
15.7691505866 7.24173942344
3.07181486462 3.87951602236
17.3557096956 9.04183595881
2.92238963644 8.84498231047
16.9114758942 14.1168383786
16.0546848144 6.56693320005
6.20531795478 17.784398677
10.3177577559 4.45337491753
12.2343907063 12.5688244088
