5.62387092328 4.21847260375
6.08125392027 3.31747512354
6.15352200096 2.23063418933
8.99586178935 4.8180973875
9.94830593306 4.28287491128
10.2290621567 2.05773744177
6.56407349609 11.8230252893
11.3018630555 9.92813575604
3.69798622329 7.31193331639
3.61480138446 4.9035965586
4.45615474719 4.1608144776
3.2784028141 6.01789151165
3.20202418944 7.40151680916
4.23213094112 8.92560531745
0.0575880577774 5.75667971651
6.30881152018 0.855511284647
0.722183778096 9.03194900882
2.73468007858 2.9567858453
12.390742557 0.135847004783
6.374275015 14.9051182821
5.01374592642 5.99990552029
6.97766494827 4.70193733478
4.95040506878 2.00040997088
6.47929977489 1.28359418578
4.2710666161 0.0534197548373
0.635049970283 2.93936615761
3.51865905377 11.8414639516
10.4972801563 0.812048768097
7.95756411252 3.50016555841
9.90694458391 13.713317098
4.44741816455 5.83345864632
4.01074349681 3.26179069991
7.71837684855 6.26902612631
1.65862716309 2.80108491188
5.09806010322 9.99903832913
5.63125783763 10.9667003899
10.6230554444 0.830917670641
12.4113397983 8.01198313302
6.29204963577 3.90677313839
3.3313610753 4.85979939649
4.09250164043 4.57994437585
6.86713180944 5.71681155555
4.71875898992 7.98678815691
3.50770877426 8.71120828
5.37644897843 9.98580847673
0.677887735826 3.06051788888
11.8726831683 6.32899438251
5.02301938683 12.9999668817
10.0627092235 12.4410332158
5.84779784005 4.96399713079
3.5401374135 11.9329685531
1.17648042141 15.2883958713
6.50781373239 17.9122615273
2.4905870308 16.8275570569
6.90984178009 19.8779200285
8.01719694313 4.30336410895
19.4918078458 3.88749151112
2.20363956051 11.4956835894
13.0758254286 10.853591639
1.07089775971 14.1730147929
16.9153632957 3.57728515451
7.99126261662 5.47654551314
13.3119568618 6.26549480172
19.5754897172 8.54331758452
6.80705095466 10.8976277113
6.45394267643 7.56213346391
16.2917853024 9.01768827889
17.8859925692 8.96249245324
0.144611983714 4.72280656688
16.7491473062 7.4408067473
11.6463932036 16.1725313776
10.1922904861 18.0015429664
4.53470623723 16.5796967564
15.6035102913 16.9818850563
10.977228134 10.9145450401
10.0896921494 4.81331701496
21.7653155097 13.9400333255
14.7023612459 10.1830672631
16.1303075497 0.514885302571
7.98187647647 5.68620926084
7.24887336188 11.7797567334
16.6447387377 4.45516048155
20.66046554 8.27869167033
6.17857475744 17.8077892859
10.6250159457 13.9363793952
7.41919624928 23.8453572401
8.33922856417 5.48091372907
0.934257733652 16.290249768
15.5035211106 12.6600289998
6.43524168406 8.9262371554
8.09241535546 2.32042759408
10.9003019585 6.78336693622
10.1648418555 2.68294028994
16.2014702559 9.08996324005
8.34559354151 23.7031281837
15.9597445292 5.94021266488
6.3381451476 1.069800945
17.9829288406 4.33399795716
5.15577183107 4.63640485426
9.70999230472 7.93532389952
7.91421898588 14.4457899609
21.9156897344 6.69098811638
10.3248794166 14.4418256108
2.91153131277 22.2744803768
7.82831897035 5.63017458944
1.22135177504 5.26132457781
7.97664589115 5.77888472559
4.99468164198 18.9999989898
2.36553321957 18.0670930352
2.01825519977 10.7197073111
20.6081706196 11.7368397569
22.5016584506 0.793819847037
21.4512767203 4.50555070849
3.30114242741 15.8680211146
12.1059500479 14.6698228483
16.8438219969 10.3594664386
8.80658761643 7.31908136764
7.63988721383 3.07671042081
19.2324690406 12.3100495899
18.9221075423 4.75576350576
12.1657996587 11.5121565899
13.3793810011 0.183533035966
13.5947661917 11.8651288488
6.79096189225 2.76992877793
17.4560989034 8.72096763067
2.05958262611 8.68772974848
17.8357380964 12.7616897337
18.5793164377 13.4618062543
1.65710760826 21.6680853867
21.3462516455 12.5365812635
6.97447975839 13.8971275511
15.1251307565 0.7009620654
0.696330663821 16.2017155045
7.0518860696 7.83704652782
2.76032481779 6.65235421374
19.1068285083 0.0987635203345
20.602157036 8.54579974383
7.168717894 11.8610990951
1.62715243024 11.735616232
4.35814150601 21.5355733966
0.713281475536 4.39991567948
8.51280014229 16.4743293992
4.90120292143 13.4241427284
8.52860323238 8.54802418172
4.62398898541 9.99528644998
10.5461174418 8.78394403821
9.47850187716 13.9091516652
19.5951864889 15.5347297713
12.1342997279 3.21071086053
14.8231309537 9.95036344801
16.586413435 1.87669666658
3.52829382873 17.9164267871
12.533922779 6.80000032031
15.5399727207 5.67281476678
7.28411029906 20.8361245304
21.2287842158 10.0622685505
9.71682185766 22.370998577
1.16045720153 12.9735574405
11.9244418411 13.547052427
10.0614227217 5.88034926058
2.45249758214 5.6517735513
6.92888324245 18.8664851147
2.31261284202 18.0967817964
10.6940254145 1.88590843301
4.56431642832 9.05431788665
12.311470545 0.0691798279599
10.1662726325 6.44483177841
4.94513867102 15.9998631916
4.97147630032 1.67605125746
6.82758137347 0.39521258654
10.8517580831 7.71836968078
11.6177918452 8.46123438223
9.32643744974 12.1241273149
11.5021615491 9.08395203287
1.69140804836 12.6933100153
13.7731284091 7.92739640875
2.70005365464 2.85551867897
6.83786430918 3.03404766144
6.7690556792 7.87906991999
2.49948314972 18.7748835016
3.313302214 19.9048666743
1.0031973768 20.492758592
8.59940269748 11.6145809523
12.0514214307 0.766196943653
3.00063373141 23.8945106982
7.73988845787 5.65330987245
0.300744584639 6.04160307841
4.72721829538 7.99713776728
18.8257605231 7.20189599173
8.29815788289 1.9396683582
4.26779252676 10.9832372258
5.55191202177 18.3288091248
6.10833484266 19.1635058168
13.68838935 1.57303290022
13.5018728719 1.97983937282
16.6576764688 2.15419969974
17.9069224223 6.55285336847
12.2204010641 16.9944073832
13.8193375961 17.1333954179
5.78242910972 20.9808574453
12.9613826831 20.0205321401
16.3745100431 18.950645909
23.0868761673 10.8193565373
11.7497957256 3.68563513294
16.1891008822 9.33636039174
16.1720943116 11.6471278529
5.91170808293 13.7712386077
18.8117941222 10.8510121455
7.04698416283 5.52949061353
14.5391714896 19.0713967783
12.3915855012 9.64033983192
10.1900858979 6.41320684177
6.52639998933 15.8935808196
8.06856806774 6.60102969627
0.320848502906 6.8612213203
18.9310110087 6.38813986171
14.971979543 6.20533908426
5.99580791654 16.6229173731
4.17986646431 9.30839095417
11.3513328362 12.5255507759
23.8708442429 7.21161424324
15.9971522533 4.74971552651
6.6882239811 2.28238704601
17.1214970044 9.69779846022
18.983492281 4.32033565025
15.8751062483 5.33112114378
5.14880150073 17.3693907731
6.77556487623 7.26116111328
22.7749976695 2.16284335114
10.9273676103 13.0517675925
4.35437957553 0.787536847127
15.6692065308 10.4925433093
2.57285361524 5.56654570435
5.27902234526 14.5048250708
12.9364872275 7.72840015431
7.50467269827 4.98164118315
11.7509024795 7.8995286035
12.9777508292 5.89469275409
14.950371592 11.1861084014
5.53941792392 1.85029051737
8.00850748866 6.6167500916
17.6243436603 1.89742894572
8.20917735768 0.36128966918
18.826663757 10.8157862194
10.8272040285 2.65487470695
8.60749194931 21.6128264253
8.44527278888 6.96764971215
20.5616513885 5.90114700675
5.66442696093 7.69629330658
12.2974466762 4.5261362581
15.4644034762 12.713381871
13.8073495012 15.8825821735
17.2723802609 3.62488740398
18.675426098 13.3055837265
21.5509302788 8.88158561755
4.0000509029 12.9722035879
3.48524055491 22.0000203743
10.9546960111 14.2488699534
16.4178258321 1.30767644053
17.4844407277 8.62473995152
5.03251966255 14.7646581722
9.97982839902 4.22234896256
19.7929926107 1.09650470504
20.4290008311 12.1376420023
11.358984139 12.5089039106
19.6028641635 7.15550732066
4.32676195747 0.831938904746
11.5439246038 15.0586803697
3.6518081308 14.7028973028
17.4144985302 1.47149335504
12.602711028 7.93053691945
3.89787987898 10.9619964678
10.4984177632 1.98563145596
10.2750762742 22.2096940792
13.8870552785 2.93139106997
2.48960086039 15.7097103677
12.3412542664 4.49241727883
4.21166658503 14.1730692097
10.5847207095 17.8378695506
19.1071543294 0.0978619761008
18.662275884 3.32719746788
11.1320385591 0.362586309658
12.0903566335 10.6497531042
4.61496024141 11.387572717
5.79142466779 2.86806340634
4.9374458416 11.7266016788
5.89519257773 2.09188118162
8.0240909825 10.1354701907
9.90803342631 3.34152498964
17.6062864981 14.8529965354
7.86197644136 21.7573593042
16.82478672 8.57108761395
20.0473067574 6.60079994439
5.59728694031 7.94915403203
3.2397338608 13.7239203288
7.01557200237 9.96246203572
3.8325553269 18.9512391183
17.2056513191 13.7190639335
10.8361821094 2.71628894152
4.87955138077 21.9995732926
15.8307306047 9.37690072889
13.2781700646 0.187340271366
15.8081679499 7.0453619649
16.9343980844 6.25305321594
3.82832107364 4.54257549201
15.9360356004 13.7408881327
4.77777037409 19.9983537094
20.7489578701 2.17682341949
7.13966949338 16.9007741173
5.60059762601 22.9899772788
13.352128615 0.0807139441688
2.75942203959 15.769392295
9.82913751492 5.98541901167
1.89779153325 6.01909578703
1.71768508164 17.2830251626
2.8529337924 19.8455416439
7.69832792056 20.7708283369
13.6221386497 19.6512362996
22.9046866293 6.84991802744
12.1602324248 22.5991781519
15.9182442308 6.33863472143
3.78757730133 3.17181039753
7.63353531593 1.93507171027
18.7443612022 7.66318139505
9.44225872954 9.05230339303
10.2699671913 9.77787630408
9.76471378085 3.42634125641
15.6450262433 9.51493769465
16.2387641587 20.3196011758
11.4946480102 3.878037352
9.13858392616 6.26375262007
17.8667794578 6.8563368186
10.9322134832 7.68104266964
5.09125084671 16.0980474115
10.3992248257 0.65674375996
21.68668898 8.24875528255
12.2501146401 10.1413563292
3.57308029357 11.9558926123
3.85567523596 5.94031630413
6.39143886191 6.91905608232
6.74172891332 10.5795879889
18.068707571 0.0208447918419
16.472453006 14.6634787745
9.46280201723 11.8430517907
21.9360903633 3.52730070754
0.134870092114 12.3300464794
8.06350310986 8.79655342825
15.1161573126 9.32011125156
16.5722080768 8.17553148733
7.87413672149 6.80460623858
1.91514990365 8.65590348102
5.23349603011 5.96702142798
10.6244234208 1.55364065018
9.88931647462 21.281725474
2.17606877579 22.777103601
6.64619315049 13.9285511361
5.97050200348 5.80503775788
4.9320672544 16.9998077127
16.9526778204 0.112092812247
8.95634259365 6.10476305541
13.4611194854 17.3858571384
3.60188639069 18.4910174013
10.6268078223 1.69349514704
22.6790579192 1.61608051358
13.9187577183 3.24483436822
7.68159660966 15.668131965
4.37584526032 12.4895611123
5.94456222092 17.9656392905
0.831589003626 17.727630168
12.5769323904 7.94565933246
0.231823466173 20.1204504966
15.9068663769 8.0399488433
12.7278738466 8.11809058216
23.4147748059 9.67932354617
1.46242371552 5.41563987624
6.94875758072 3.89221289176
1.22752075748 16.4113095311
4.49890653468 5.28449194882
2.03505245075 8.24794463361
6.56901506692 20.9228826448
7.98956632156 5.96682117926
6.12153779402 12.9650258273
11.2499193032 12.9426449751
15.4180815911 1.46962098915
4.21122389113 12.6911217925
5.00318984182 3.30278224383
16.7231444866 12.652965657
6.96305799711 14.0490465441
0.518806954266 20.3596519781
5.157356882 8.63187812342
22.7766490488 7.82679121906
14.3474635379 11.541611935
15.8978357899 3.50428107715
16.7582529448 7.3965574657
12.6685258343 15.4973192544
8.89607900636 6.70264155039
3.27840661295 7.50871631906
12.3489790725 9.21240678392
0.581158809899 11.4156584558
1.82427958498 21.6562062951
13.3425878813 9.95474215461
8.83424731693 15.3101186954
16.3545596635 1.11747828746
7.66292705153 2.05886442209
8.99999995846 5.00107844527
18.3316622387 11.8750841416
3.31079241799 10.9105806853
1.69567140008 10.6258754795
22.334285545 9.8500046026
7.21841783766 9.55026685475
5.88129002156 3.38831533273
3.5701183309 13.3995875967
7.65641878929 2.03098275011
0.331507601639 8.19868094646
2.31335668591 19.7574370303
12.5174962837 19.1239955262
21.4153402699 9.42002305696
7.93571036727 7.51668475652
10.3372493113 16.2146682325
8.5928237545 15.3967118585
1.73827447901 6.54820967188
7.8798569083 3.23668323274
8.11566442954 8.64890600607
19.6061057151 1.58508040534
15.5080599592 17.0656817418
9.80313975094 3.35865141719
16.9337911039 18.475334129
20.0987093913 6.53381873959
0.672248459932 15.1128911102
6.55560808127 6.8987429377
10.6590156126 16.7036550828
5.37540857739 14.3995157775
7.4882481022 19.7921810894
18.7231399134 13.2265078202
12.7686164755 10.1211308458
22.8485968782 7.32971875581
23.8688174305 2.77115976903
15.7883672696 7.14735457142
16.8907335543 6.61569042222
2.16816443894 17.687817281
6.05583896574 3.58885468287
1.4645903456 8.53547456367
9.14122647854 12.4850326441
7.13281522342 11.865678143
1.42414121249 21.8145891916
8.68569373797 13.6390896148
8.7538869689 15.3396485736
10.7473635798 5.53412606158
13.8541824192 14.5185846473
4.93894241846 8.9998668555
1.74612240229 18.3973815551
10.4448236957 0.821792129602
10.6815640467 1.56418685364
5.9220619906 9.30763998266
20.8839031141 15.4260069951
11.9836531738 13.4987403977
16.6228655697 7.98479412147
7.94279344081 6.21823558824
10.278041399 17.9669687664
15.5725225754 5.64057171358
10.7917854475 7.57284130474
18.0123008378 5.93983669465
19.9125466747 5.08047378232
12.9953505757 1.09650372416
12.2281431161 3.29179999117
10.7569343569 5.52889865137
8.08698456596 17.628164011
18.8644397935 3.0564699095
19.2885915372 0.435336607801
7.21551071364 5.3335036655
21.2774469382 9.90354169683
22.4896054026 9.25601960312
6.87049157362 13.9077037546
5.38318380928 8.63173429407
6.78628266593 7.25467091142
3.69131044014 4.66752930346
2.80052860265 18.8261464469
8.25105394675 19.6434506943
0.38009503912 10.3185011719
5.36432877366 8.47518790487
6.82115742745 12.9076348417
23.9239257743 6.6985385745
15.8614805493 3.25981602217
10.1049924112 5.85997479193
17.9258586416 3.61357352298
18.9894283042 4.45603702259
6.20179217821 19.9517790099
14.9593873739 17.5224040478
6.98427810038 7.05724174149
21.921310068 11.1375292733
20.2346419456 6.35366393676
0.0171421604531 4.80668790932
3.79079827248 3.16834534851
2.282373217 7.7127693548
18.1581169955 0.218372961718
17.4424372378 13.3776939299
17.1558750656 5.40359079306
21.3592624176 9.62326001361
18.3697432481 7.0519693611
21.3050539105 4.75424097389
5.99816838516 5.06049689967
3.88280243559 3.34112399436
7.9916680817 4.77656748455
8.45545489689 7.01490234392
7.46536413 9.34994019574
10.7144685701 6.828892824
6.28731761055 1.88061140958
2.68885630647 2.7905908712
3.9964178065 4.7460971624
4.21737527326 1.1218570073
5.73013363263 4.31669561797
3.20294551961 4.12216448322
2.82602819082 7.06732836601
8.4302859582 2.94254082787
1.16914917144 8.21318874786
10.7899617223 3.42635987144
8.75327200707 0.908718070865
2.99999995427 5.00085540133
13.372013646 8.30293619557
4.70659243773 2.59540788327
4.17753069201 4.43119050868
3.55464681481 3.61762734038
6.38835729989 2.34058953754
1.00572226169 5.21388162429
1.92059327663 1.06080538281
10.2667115517 7.87432590902
0.0317010401448 9.9311261843
12.8486113545 6.5489673355
1.80894798854 3.41529482907
4.35203109436 14.9789847328
5.89840297545 4.56082794521
3.86461687088 3.35351733987
3.32064351272 2.51408733286
8.32040409891 7.23045211111
7.31102448243 9.43386578976
8.91573576747 9.54609870102
3.4832426103 1.8336993657
6.47936778063 2.86202715396
4.08645179305 13.953514934
4.72427200178 7.3320664732
5.99019077307 4.86027801561
3.91313943551 6.6789086078
3.05886353797 7.2873541999
2.52255557658 8.14042499176
7.08402680152 0.455021200211
8.64177889418 0.231620140349
1.52680922561 7.5299725952
5.48933053075 2.98502070327
12.7986623855 0.507688234702
14.5807854713 2.1349433245
5.02245684028 0.466749633572
4.13918299759 12.7765888497
13.8167633418 14.5532551612
3.81888466647 5.87323655769
3.07278912121 17.6423920128
10.9993966659 5.13894721519
11.9682187827 6.03901460126
7.16736746284 22.8690379786
13.3741076145 9.83654518957
4.28448488574 0.899011816104
6.59643547951 8.08588466565
2.41530565633 7.74046133976
2.9822439595 6.50146866148
7.42547089268 13.4028372051
8.83187179846 3.04234558763
0.905594979516 21.4995711316
12.5601219396 8.95501168965
17.4657936311 9.33889776612
10.333374797 14.6205568069
6.85745525045 3.15588639624
9.94230829663 17.023875777
6.72661770273 2.64764259455
3.86941782573 17.0968354305
9.40121805692 10.3827591678
5.32059463439 8.50871298061
22.4823856596 9.28557949971
11.6630252211 14.1292710816
15.9007831366 3.52591485675
15.7070745555 10.4183534828
1.54071511013 7.53129474758
13.3249158756 16.2559218043
18.8699897458 0.711688406406
9.60102248899 1.54294599366
10.4270454123 2.14186739208
15.8247795443 19.3813819857
12.1454902413 22.6051688209
5.8920881307 3.46298466076
6.16057351624 0.590737160409
3.26936955124 15.0308288404
5.13945710683 8.99930540117
9.46108800611 8.98458701492
5.43961851299 7.12494805363
0.334638842563 11.3473057496
10.8026972682 13.6182805158
15.2951341782 10.9690391775
0.0775762969953 4.75798231953
5.71637155482 10.399942657
6.08857767132 1.78553205188
8.54032172673 1.44195453421
8.16788693269 19.6616674489
9.99582650833 20.2000564966
13.4555760553 9.74799083176
5.29530885125 12.9975774115
11.3294548705 12.9147425614
3.07705558963 15.8306179323
6.96675853822 4.10742502391
0.614641130506 7.23799932937
6.45140426305 13.0539021849
9.99155975683 5.50312628377
8.75596776896 13.1714962363
6.26282055038 17.733769012
20.6630402969 13.8695641752
2.4205575373 23.8240929816
9.5630761772 5.00891281814
16.9208623166 6.37587849315
1.31215211035 6.36471450305
13.8888307156 5.81613093996
3.77397818158 9.94981172125
20.7780535502 7.65575340836
11.3294784149 9.7273813786
3.67596666898 20.7711002266
19.0230930994 7.82001793779
6.6862193783 5.86998915401
8.52919068943 6.46929871778
4.55519408694 17.9923880676
9.70791020174 8.18467221938
7.1078102087 3.85443007483
6.55850459986 6.06349725064
10.6609899946 11.6131227411
12.6878096903 8.3378718309
3.19826058926 12.1402603046
2.93230592871 2.62092662695
4.58928145694 2.21426927274
6.62973089469 0.809419877839
3.70049963791 8.93955877383
8.21129920398 12.1036309971
10.9945486168 5.41762967506
11.5490991767 8.88938509784
9.75083347682 15.3156634173
8.38533511157 23.6959756681
0.836507190373 14.3239038936
9.49682725101 16.1255806444
4.35994643009 4.0217183965
4.09920761114 8.97099041128
19.7695526926 7.61921997194
18.2648330773 13.9467426157
21.0795163746 10.5180751316
8.2661261547 22.7011982629
13.8967853146 3.02224754505
5.28039364537 1.08675243611
6.87594345112 6.7210366486
7.99994378664 5.03823014621
8.25425395432 0.491701860527
16.8281890989 4.22463780534
4.52810589947 10.9930396097
6.00044304961 11.9705366357
22.9331239653 3.44981780302
1.61806752668 13.696591474
4.67951425292 10.2256103785
16.925185352 3.66210825503
6.58652292798 10.8951239545
13.5679324725 6.07206092587
9.40338338109 9.1883824058
18.2624642647 13.9502537186
20.453846319 12.0836878778
7.29468946788 12.8531341855
9.35731633657 17.4445758309
1.83439009774 3.61922919941
6.81807855159 16.8614750508
17.3030955732 9.1992665214
8.35197941344 9.2100648146
2.86903026537 7.77021388555
0.787675154931 19.9165282925
6.47322330325 7.54452657671
6.86585912944 12.9030324166
6.96509268815 23.898106009
3.77050789203 1.63914085675
1.3114994006 5.20612440235
7.99076889749 4.5101801842
6.77977385648 8.88641080408
19.8288765832 2.74070380875
20.5180639641 1.10260461244
7.93578935498 6.03020189133
11.6985781786 1.71993205426
5.09652596123 13.9997548073
5.23411555382 9.03272598017
16.6311551527 7.95232616999
8.97341641597 7.37788196685
3.48672383936 6.13442941845
5.76755485218 15.4431682216
6.63782893064 5.9800244891
11.4143309399 0.576230137763
22.3798682113 9.68403468804
19.8654015704 6.83299776682
2.99615705863 2.55390444034
16.1728436583 0.621922272616
3.64104504701 17.9287757129
16.2388368417 3.34796660543
18.0426328891 2.40876017425
0.624726744474 20.3901586717
11.8478110936 20.5598034443
0.955526268354 21.9862210885
11.6153474719 14.2157597836
5.00412757354 0.426442140695
16.9161103014 6.4164445927
6.59506694812 7.90177357695
5.25928722602 4.52612332558
5.25629501896 9.99781026894
17.2576276528 15.283509339
14.9941347913 18.7519914839
5.30061680212 12.9974895343
22.9485199412 11.2330275085
12.1426139036 3.3655882414
6.36081296363 6.92259150009
10.6650898996 16.7007160648
2.89001415513 18.8400852503
11.6342489932 8.45313124505
1.03874812657 20.5018864528
10.4740942039 2.03934716925
11.4865228709 11.7906230094
16.6394011119 10.0174678876
7.75865001447 15.6484670304
7.16313535131 16.8034251576
13.1431083525 15.1335969112
7.32312307697 1.64384208346
14.2805002941 16.7844097982
18.9964137566 12.7524449018
11.0189160583 20.8988254121
18.2447892665 7.18915736572
20.2460770899 16.3383038136
0.882845419502 14.2947366703
11.3540547503 15.1796850752
2.14344467841 5.86145469661
16.750082277 2.6115416628
5.8408607992 15.3670505513
16.2433091973 6.38367244323
21.0608512336 0.572168128352
2.47658581867 12.8222439909
13.9992286637 5.17120217185
15.9894449477 5.48176731145
14.9305398003 1.73679295176
6.49419139425 11.0731840242
8.85746927056 3.00737725208
13.4228674244 17.4119017218
2.86214597478 20.8565311518
12.498343139 20.2569607121
12.5371766695 9.05554367023
12.0629950801 13.3578824409
3.45652515477 12.034712667
1.56131782242 15.047343352
8.5329221028 17.510733848
3.73921651627 18.9431138921
9.56669313378 8.57930875258
10.9974911623 9.83341160214
14.5746761656 19.0472622359
4.50819109187 12.9932799678
23.704010219 1.65934112351
14.3603239617 10.7779179062
7.42093026198 16.7532589807
17.440687554 8.77217353572
15.8288113786 3.87337839421
2.54935760538 19.7984577525
12.340670757 19.2166997871
0.78274199709 11.4685984509
3.91443818656 20.6375443027
11.8106767037 3.85444231814
8.90306442687 5.28426410006
5.09065794945 11.494507075
6.78504822852 10.48749836
17.3052956263 1.67680309342
2.03129640505 8.24993852304
7.52043361947 20.8002346302
18.5492033083 5.26737988539
8.7722783058 6.58983823302
11.185980388 4.95057982634
3.30047639529 12.2181778595
11.5772987614 5.03688901024
6.77121507929 10.5171093479
13.4301224434 16.1773447468
13.6348190563 7.26539440313
5.11620233909 10.9995780262
11.3656323063 10.7632079648
1.94040036029 11.6081559133
18.6344366428 18.2326164244
10.0048336632 14.7954907995
11.3499215957 5.18226378213
17.8112087593 2.79252856755
18.0046644201 0.184467505858
9.29953501435 9.53026471339
12.7256368378 19.0112289058
15.6173478784 8.27674372839
3.78839962847 10.7087247086
23.9283692581 6.64828311576
0.889509239514 5.20313019166
6.17269807502 6.94256166929
7.62810679498 8.08721861463
0.878581759322 7.7059937234
2.73409052135 9.82786748776
15.9912485372 16.6272290591
8.54402470624 15.2742101768
22.9707668031 6.02544649214
9.57245057285 23.44160231
13.7195589058 1.70591473909
10.1240580996 5.85099205564
12.0674170802 15.9110776651
0.163815258601 18.0128786967
15.3356880474 5.87076596137
2.23625643941 9.27012938775
11.6787830609 8.28910255329
13.493268374 10.8702360514
21.7104174594 4.04223138021
2.32898800073 13.2028004294
14.8848856961 11.8036045428
7.98087536217 4.29510651038
7.31966973007 1.65024343479
10.2585337242 19.0480540671
11.5539821299 9.59607201409
20.1413862178 12.7290635529
12.8711503886 7.14987994698
12.773101728 11.7169081405
6.29778947634 5.92317456031
1.09786440382 5.33518503524
7.75964513307 7.48826366733
16.6400683891 2.77874076551
19.2194152808 0.224203828598
16.9941015492 15.589689704
1.50816149519 11.6375197628
22.0021907658 0.909780804994
23.6957920331 1.61365089592
15.3267998668 1.21090980419
6.68249228029 2.25785227952
5.82868242911 12.1930269601
3.60681339773 16.0418641151
19.1625067914 0.0579962178393
8.83452480585 20.5337187921
2.29286540782 11.7830695136
22.9030328141 3.13414468499
8.67981054733 13.6402519923
1.55274945812 13.8352404913
5.99910354371 9.7978871636
4.07470957879 14.3085791644
6.21981023702 13.3735212572
14.6919137945 16.4484412476
14.1558458213 18.121375206
21.3286621076 9.73020018331
16.9958194662 8.42014587604
15.3739044213 20.9179806212
2.72410776556 5.76198469323
4.48848283019 16.9890929676
17.1062269774 9.73701048889
1.40159533333 17.450685812
10.9243931846 8.7804776911
10.6669468766 8.24757995521
17.6069466675 16.4045997617
12.3390502485 9.83294283863
13.0374813531 0.970700665497
11.691365607 13.7307288535
6.95509815746 3.96287510609
2.99313364888 5.25230776319
5.17727359536 18.9988776005
7.31648748439 9.82005012592
10.8607981806 7.10596321749
18.583338869 15.2221771247
22.2097157651 0.275005524488
16.792110409 9.89785662775
7.74608727075 15.6517136979
0.167610123244 15.9839887144
4.66718883395 7.99573917589
10.8979106303 17.6970331258
8.99388175853 9.45852373166
19.6149145435 11.5118563318
11.0812360932 0.513061373996
8.79904584347 16.5579554338
23.4553069064 9.51681823766
2.12393626891 3.38149939071
6.30883220253 6.92840971235
10.8999864014 16.5840476718
18.976973614 4.19737393867
19.8102742425 7.3781877262
2.01797879723 19.3787333796
3.00934834289 19.9950104742
4.62894582164 10.2080045491
8.08231809638 18.7787137725
14.9272215229 0.261828112517
4.93626299376 11.7283488107
9.36158594322 17.2464920716
8.99949739764 4.88137195366
19.9843180072 4.31427858471
10.9502955073 3.73981222407
1.02762914852 20.8955241137
19.2224184868 6.03280618817
13.8834365753 21.795373012
5.34718010333 1.26692299714
6.99982661767 5.06450694454
0.780675001219 6.64404553969
1.24485842312 17.5300336502
7.02495224222 13.9666339042
14.2271777977 8.07131171263
9.84333642308 21.2954623222
22.9997723063 4.90946314971
13.8163429054 7.63538226177
13.548285193 11.9229199229
1.90694248944 4.8129580376
17.9127944785 6.50324274649
16.0417991269 13.6068967719
0.441898853734 18.9780448156
8.97104053965 10.4993818274
7.46173374527 16.5630961279
7.373008461 8.07320395404
9.55866297153 7.20841236531
14.7134762448 10.1622068189
16.8846351674 6.65995389629
17.9741211375 4.18013372386
18.5460376667 8.53622164636
9.60912273701 1.59801045635
20.8848996562 3.08428527403
11.1052928161 10.4423839729
22.4206207855 0.469881740021
22.2438096662 2.97815944918
1.87635377101 3.58578818839
6.67726066829 7.76434138354
15.3811551537 2.82506342941
10.8540627922 7.7173090245
1.08008186846 19.478751391
12.9981982213 8.8574465618
3.94102759002 9.45883901406
22.986780451 5.6897311122
12.4260136721 12.5719249534
7.685001571 5.66727549863
0.0868107518675 5.9480852852
7.18515323198 9.53012590478
18.8015226457 7.34903653862
19.7173922908 7.89799312609
20.4524773332 9.14981255799
10.6474336111 1.64513516695
12.7688832325 7.87520237044
5.10545550985 11.0897411085
12.4851097994 13.0605912495
16.940922787 3.81073005788
17.9959763368 5.32341776711
2.54524259717 16.7927653309
8.15456719642 2.2081455226
3.07298485901 8.81401156313
20.2618082746 2.48847168585
10.9553800982 13.3322173472
11.4521444648 14.5040487429
0.888200260781 15.2026027515
0.555176380128 16.1464587645
17.6720874009 7.90141360442
3.87936715152 8.95507728459
1.19761226532 18.6597804598
8.07120556462 14.2273281662
11.8788755412 2.97427532328
0.377548988936 22.3963486586
6.71970331066 23.9220141772
0.856067902833 15.1895940436
0.0234980970873 5.91945185485
6.04626924378 1.85419111156
18.6833800075 2.03940688865
8.15786828505 12.2021178964
18.6537754199 3.34112802821
2.15769146979 21.7607064952
11.4203538889 2.37373569927
6.3048224223 20.2709197497
10.3271584739 4.62400034256
1.00451893273 5.38969452807
13.7618858481 14.6036116323
10.1831637702 8.00518409449
7.97670289812 9.70167472965
0.449092671276 10.0435165124
16.298382637 7.70222617445
22.1020817375 10.6141606893
19.7669984297 16.9555743224
12.450730457 3.09238009844
6.43730327974 1.3684584971
5.86623604492 17.9711077058
17.1436609671 1.96645521878
8.86607453934 10.7211866662
20.6059526661 1.47094327266
10.253785344 21.1677994656
20.0753004752 14.8354113073
2.1902714359 13.7910996324
8.87326822341 5.29552297212
8.86588996728 16.3602330417
7.24895136402 17.8039922588
4.46687382562 8.98984547742
5.27865300669 15.9247101732
8.66713079613 20.5740859033
4.97501267195 21.9999816363
1.29678833254 21.86269423
11.4641886789 14.4831688347
5.66035653007 5.98016071163
3.20209751928 16.8645499986
8.22410191502 7.59385432826
13.1654430933 16.372138721
16.4794755549 14.6551354721
20.0488500108 0.434345715215
11.1131219554 0.41916053003
6.79162152849 22.9106139565
18.0793998087 8.78148397826
