5.62387092328 4.21847260375
6.08125392027 3.31747512354
6.15352200096 2.23063418933
8.99586178935 4.8180973875
9.94830593306 4.28287491128
10.2290621567 2.05773744177
6.56407349609 11.8230252893
11.3018630555 9.92813575604
3.69798622329 7.31193331639
3.61480138446 4.9035965586
4.45615474719 4.1608144776
3.2784028141 6.01789151165
3.20202418944 7.40151680916
4.23213094112 8.92560531745
0.0575880577774 5.75667971651
6.30881152018 0.855511284647
0.722183778096 9.03194900882
2.73468007858 2.9567858453
12.390742557 0.135847004783
6.374275015 14.9051182821
5.01374592642 5.99990552029
6.97766494827 4.70193733478
4.95040506878 2.00040997088
6.47929977489 1.28359418578
4.2710666161 0.0534197548373
0.635049970283 2.93936615761
3.51865905377 11.8414639516
10.4972801563 0.812048768097
7.95756411252 3.50016555841
9.90694458391 13.713317098
4.44741816455 5.83345864632
4.01074349681 3.26179069991
7.71837684855 6.26902612631
1.65862716309 2.80108491188
5.09806010322 9.99903832913
5.63125783763 10.9667003899
10.6230554444 0.830917670641
12.4113397983 8.01198313302
6.29204963577 3.90677313839
3.3313610753 4.85979939649
4.09250164043 4.57994437585
6.86713180944 5.71681155555
4.71875898992 7.98678815691
3.50770877426 8.71120828
5.37644897843 9.98580847673
0.677887735826 3.06051788888
11.8726831683 6.32899438251
5.02301938683 12.9999668817
10.0627092235 12.4410332158
5.84779784005 4.96399713079
3.5401374135 11.9329685531
1.17648042141 15.2883958713
6.50781373239 17.9122615273
2.4905870308 16.8275570569
6.90984178009 19.8779200285
8.01719694313 4.30336410895
19.4918078458 3.88749151112
2.20363956051 11.4956835894
13.0758254286 10.853591639
1.07089775971 14.1730147929
16.9153632957 3.57728515451
7.99126261662 5.47654551314
13.3119568618 6.26549480172
19.5754897172 8.54331758452
6.80705095466 10.8976277113
6.45394267643 7.56213346391
16.2917853024 9.01768827889
17.8859925692 8.96249245324
0.144611983714 4.72280656688
16.7491473062 7.4408067473
11.6463932036 16.1725313776
10.1922904861 18.0015429664
4.53470623723 16.5796967564
15.6035102913 16.9818850563
10.977228134 10.9145450401
10.0896921494 4.81331701496
21.7653155097 13.9400333255
14.7023612459 10.1830672631
16.1303075497 0.514885302571
7.98187647647 5.68620926084
7.24887336188 11.7797567334
16.6447387377 4.45516048155
20.66046554 8.27869167033
6.17857475744 17.8077892859
10.6250159457 13.9363793952
7.41919624928 23.8453572401
8.33922856417 5.48091372907
0.934257733652 16.290249768
15.5035211106 12.6600289998
6.43524168406 8.9262371554
8.09241535546 2.32042759408
10.9003019585 6.78336693622
10.1648418555 2.68294028994
16.2014702559 9.08996324005
8.34559354151 23.7031281837
15.9597445292 5.94021266488
6.3381451476 1.069800945
17.9829288406 4.33399795716
5.15577183107 4.63640485426
9.70999230472 7.93532389952
7.91421898588 14.4457899609
21.9156897344 6.69098811638
10.3248794166 14.4418256108
2.91153131277 22.2744803768
7.82831897035 5.63017458944
1.22135177504 5.26132457781
7.97664589115 5.77888472559
4.99468164198 18.9999989898
2.36553321957 18.0670930352
2.01825519977 10.7197073111
20.6081706196 11.7368397569
22.5016584506 0.793819847037
21.4512767203 4.50555070849
3.30114242741 15.8680211146
12.1059500479 14.6698228483
16.8438219969 10.3594664386
8.80658761643 7.31908136764
7.63988721383 3.07671042081
19.2324690406 12.3100495899
18.9221075423 4.75576350576
12.1657996587 11.5121565899
13.3793810011 0.183533035966
13.5947661917 11.8651288488
6.79096189225 2.76992877793
17.4560989034 8.72096763067
2.05958262611 8.68772974848
17.8357380964 12.7616897337
18.5793164377 13.4618062543
1.65710760826 21.6680853867
21.3462516455 12.5365812635
6.97447975839 13.8971275511
15.1251307565 0.7009620654
0.696330663821 16.2017155045
7.0518860696 7.83704652782
2.76032481779 6.65235421374
19.1068285083 0.0987635203345
20.602157036 8.54579974383
7.168717894 11.8610990951
1.62715243024 11.735616232
4.35814150601 21.5355733966
0.713281475536 4.39991567948
8.51280014229 16.4743293992
4.90120292143 13.4241427284
8.52860323238 8.54802418172
4.62398898541 9.99528644998
10.5461174418 8.78394403821
9.47850187716 13.9091516652
19.5951864889 15.5347297713
12.1342997279 3.21071086053
14.8231309537 9.95036344801
16.586413435 1.87669666658
3.52829382873 17.9164267871
12.533922779 6.80000032031
15.5399727207 5.67281476678
7.28411029906 20.8361245304
21.2287842158 10.0622685505
9.71682185766 22.370998577
1.16045720153 12.9735574405
11.9244418411 13.547052427
10.0614227217 5.88034926058
2.45249758214 5.6517735513
6.92888324245 18.8664851147
2.31261284202 18.0967817964
10.6940254145 1.88590843301
4.56431642832 9.05431788665
12.311470545 0.0691798279599
10.1662726325 6.44483177841
4.94513867102 15.9998631916
4.97147630032 1.67605125746
6.82758137347 0.39521258654
10.8517580831 7.71836968078
11.6177918452 8.46123438223
9.32643744974 12.1241273149
11.5021615491 9.08395203287
1.69140804836 12.6933100153
13.7731284091 7.92739640875
2.70005365464 2.85551867897
6.83786430918 3.03404766144
6.7690556792 7.87906991999
2.49948314972 18.7748835016
3.313302214 19.9048666743
1.0031973768 20.492758592
8.59940269748 11.6145809523
12.0514214307 0.766196943653
3.00063373141 23.8945106982
7.73988845787 5.65330987245
0.300744584639 6.04160307841
4.72721829538 7.99713776728
18.8257605231 7.20189599173
8.29815788289 1.9396683582
4.26779252676 10.9832372258
5.55191202177 18.3288091248
6.10833484266 19.1635058168
13.68838935 1.57303290022
13.5018728719 1.97983937282
16.6576764688 2.15419969974
17.9069224223 6.55285336847
12.2204010641 16.9944073832
13.8193375961 17.1333954179
5.78242910972 20.9808574453
12.9613826831 20.0205321401
16.3745100431 18.950645909
23.0868761673 10.8193565373
11.7497957256 3.68563513294
16.1891008822 9.33636039174
16.1720943116 11.6471278529
5.91170808293 13.7712386077
18.8117941222 10.8510121455
7.04698416283 5.52949061353
14.5391714896 19.0713967783
12.3915855012 9.64033983192
10.1900858979 6.41320684177
6.52639998933 15.8935808196
8.06856806774 6.60102969627
0.320848502906 6.8612213203
18.9310110087 6.38813986171
14.971979543 6.20533908426
5.99580791654 16.6229173731
4.17986646431 9.30839095417
11.3513328362 12.5255507759
23.8708442429 7.21161424324
15.9971522533 4.74971552651
6.6882239811 2.28238704601
17.1214970044 9.69779846022
18.983492281 4.32033565025
15.8751062483 5.33112114378
5.14880150073 17.3693907731
6.77556487623 7.26116111328
22.7749976695 2.16284335114
10.9273676103 13.0517675925
4.35437957553 0.787536847127
15.6692065308 10.4925433093
2.57285361524 5.56654570435
5.27902234526 14.5048250708
12.9364872275 7.72840015431
7.50467269827 4.98164118315
11.7509024795 7.8995286035
12.9777508292 5.89469275409
14.950371592 11.1861084014
5.53941792392 1.85029051737
8.00850748866 6.6167500916
17.6243436603 1.89742894572
8.20917735768 0.36128966918
18.826663757 10.8157862194
10.8272040285 2.65487470695
8.60749194931 21.6128264253
8.44527278888 6.96764971215
20.5616513885 5.90114700675
5.66442696093 7.69629330658
12.2974466762 4.5261362581
15.4644034762 12.713381871
13.8073495012 15.8825821735
17.2723802609 3.62488740398
18.675426098 13.3055837265
21.5509302788 8.88158561755
4.0000509029 12.9722035879
3.48524055491 22.0000203743
10.9546960111 14.2488699534
16.4178258321 1.30767644053
17.4844407277 8.62473995152
5.03251966255 14.7646581722
9.97982839902 4.22234896256
19.7929926107 1.09650470504
20.4290008311 12.1376420023
11.358984139 12.5089039106
19.6028641635 7.15550732066
4.32676195747 0.831938904746
11.5439246038 15.0586803697
3.6518081308 14.7028973028
17.4144985302 1.47149335504
12.602711028 7.93053691945
3.89787987898 10.9619964678
10.4984177632 1.98563145596
10.2750762742 22.2096940792
13.8870552785 2.93139106997
2.48960086039 15.7097103677
12.3412542664 4.49241727883
4.21166658503 14.1730692097
10.5847207095 17.8378695506
19.1071543294 0.0978619761008
18.662275884 3.32719746788
11.1320385591 0.362586309658
12.0903566335 10.6497531042
4.61496024141 11.387572717
5.79142466779 2.86806340634
4.9374458416 11.7266016788
5.89519257773 2.09188118162
8.0240909825 10.1354701907
9.90803342631 3.34152498964
17.6062864981 14.8529965354
7.86197644136 21.7573593042
16.82478672 8.57108761395
20.0473067574 6.60079994439
5.59728694031 7.94915403203
3.2397338608 13.7239203288
7.01557200237 9.96246203572
3.8325553269 18.9512391183
17.2056513191 13.7190639335
10.8361821094 2.71628894152
4.87955138077 21.9995732926
15.8307306047 9.37690072889
13.2781700646 0.187340271366
15.8081679499 7.0453619649
16.9343980844 6.25305321594
3.82832107364 4.54257549201
15.9360356004 13.7408881327
4.77777037409 19.9983537094
20.7489578701 2.17682341949
7.13966949338 16.9007741173
5.60059762601 22.9899772788
13.352128615 0.0807139441688
2.75942203959 15.769392295
9.82913751492 5.98541901167
1.89779153325 6.01909578703
1.71768508164 17.2830251626
2.8529337924 19.8455416439
7.69832792056 20.7708283369
13.6221386497 19.6512362996
22.9046866293 6.84991802744
12.1602324248 22.5991781519
15.9182442308 6.33863472143
3.78757730133 3.17181039753
7.63353531593 1.93507171027
18.7443612022 7.66318139505
9.44225872954 9.05230339303
10.2699671913 9.77787630408
9.76471378085 3.42634125641
15.6450262433 9.51493769465
16.2387641587 20.3196011758
11.4946480102 3.878037352
9.13858392616 6.26375262007
17.8667794578 6.8563368186
10.9322134832 7.68104266964
5.09125084671 16.0980474115
10.3992248257 0.65674375996
21.68668898 8.24875528255
12.2501146401 10.1413563292
3.57308029357 11.9558926123
3.85567523596 5.94031630413
6.39143886191 6.91905608232
6.74172891332 10.5795879889
18.068707571 0.0208447918419
16.472453006 14.6634787745
9.46280201723 11.8430517907
21.9360903633 3.52730070754
0.134870092114 12.3300464794
8.06350310986 8.79655342825
15.1161573126 9.32011125156
16.5722080768 8.17553148733
7.87413672149 6.80460623858
1.91514990365 8.65590348102
5.23349603011 5.96702142798
10.6244234208 1.55364065018
9.88931647462 21.281725474
2.17606877579 22.777103601
6.64619315049 13.9285511361
5.97050200348 5.80503775788
4.9320672544 16.9998077127
16.9526778204 0.112092812247
8.95634259365 6.10476305541
13.4611194854 17.3858571384
3.60188639069 18.4910174013
10.6268078223 1.69349514704
22.6790579192 1.61608051358
13.9187577183 3.24483436822
7.68159660966 15.668131965
4.37584526032 12.4895611123
5.94456222092 17.9656392905
0.831589003626 17.727630168
12.5769323904 7.94565933246
0.231823466173 20.1204504966
15.9068663769 8.0399488433
12.7278738466 8.11809058216
23.4147748059 9.67932354617
1.46242371552 5.41563987624
6.94875758072 3.89221289176
1.22752075748 16.4113095311
4.49890653468 5.28449194882
2.03505245075 8.24794463361
6.56901506692 20.9228826448
7.98956632156 5.96682117926
6.12153779402 12.9650258273
11.2499193032 12.9426449751
15.4180815911 1.46962098915
4.21122389113 12.6911217925
5.00318984182 3.30278224383
16.7231444866 12.652965657
6.96305799711 14.0490465441
0.518806954266 20.3596519781
5.157356882 8.63187812342
22.7766490488 7.82679121906
14.3474635379 11.541611935
15.8978357899 3.50428107715
16.7582529448 7.3965574657
12.6685258343 15.4973192544
8.89607900636 6.70264155039
3.27840661295 7.50871631906
12.3489790725 9.21240678392
0.581158809899 11.4156584558
1.82427958498 21.6562062951
13.3425878813 9.95474215461
8.83424731693 15.3101186954
16.3545596635 1.11747828746
7.66292705153 2.05886442209
8.99999995846 5.00107844527
18.3316622387 11.8750841416
3.31079241799 10.9105806853
1.69567140008 10.6258754795
22.334285545 9.8500046026
7.21841783766 9.55026685475
5.88129002156 3.38831533273
3.5701183309 13.3995875967
7.65641878929 2.03098275011
0.331507601639 8.19868094646
2.31335668591 19.7574370303
12.5174962837 19.1239955262
21.4153402699 9.42002305696
7.93571036727 7.51668475652
10.3372493113 16.2146682325
8.5928237545 15.3967118585
1.73827447901 6.54820967188
7.8798569083 3.23668323274
8.11566442954 8.64890600607
19.6061057151 1.58508040534
15.5080599592 17.0656817418
9.80313975094 3.35865141719
16.9337911039 18.475334129
20.0987093913 6.53381873959
0.672248459932 15.1128911102
6.55560808127 6.8987429377
10.6590156126 16.7036550828
5.37540857739 14.3995157775
7.4882481022 19.7921810894
18.7231399134 13.2265078202
12.7686164755 10.1211308458
22.8485968782 7.32971875581
23.8688174305 2.77115976903
15.7883672696 7.14735457142
16.8907335543 6.61569042222
2.16816443894 17.687817281
6.05583896574 3.58885468287
1.4645903456 8.53547456367
9.14122647854 12.4850326441
7.13281522342 11.865678143
1.42414121249 21.8145891916
8.68569373797 13.6390896148
8.7538869689 15.3396485736
10.7473635798 5.53412606158
13.8541824192 14.5185846473
4.93894241846 8.9998668555
1.74612240229 18.3973815551
10.4448236957 0.821792129602
10.6815640467 1.56418685364
5.9220619906 9.30763998266
20.8839031141 15.4260069951
11.9836531738 13.4987403977
16.6228655697 7.98479412147
7.94279344081 6.21823558824
10.278041399 17.9669687664
15.5725225754 5.64057171358
10.7917854475 7.57284130474
18.0123008378 5.93983669465
19.9125466747 5.08047378232
12.9953505757 1.09650372416
12.2281431161 3.29179999117
10.7569343569 5.52889865137
8.08698456596 17.628164011
18.8644397935 3.0564699095
19.2885915372 0.435336607801
7.21551071364 5.3335036655
21.2774469382 9.90354169683
22.4896054026 9.25601960312
6.87049157362 13.9077037546
5.38318380928 8.63173429407
6.78628266593 7.25467091142
3.69131044014 4.66752930346
2.80052860265 18.8261464469
8.25105394675 19.6434506943
0.38009503912 10.3185011719
5.36432877366 8.47518790487
6.82115742745 12.9076348417
23.9239257743 6.6985385745
15.8614805493 3.25981602217
10.1049924112 5.85997479193
17.9258586416 3.61357352298
18.9894283042 4.45603702259
6.20179217821 19.9517790099
14.9593873739 17.5224040478
6.98427810038 7.05724174149
21.921310068 11.1375292733
20.2346419456 6.35366393676
0.0171421604531 4.80668790932
3.79079827248 3.16834534851
2.282373217 7.7127693548
18.1581169955 0.218372961718
17.4424372378 13.3776939299
17.1558750656 5.40359079306
21.3592624176 9.62326001361
18.3697432481 7.0519693611
21.3050539105 4.75424097389
