4.84239322781 4.01249804792
4.06249273847 6.7666578997
7.53352125914 6.60663313469
5.35896238341 8.98386069125
4.16609605739 0.07002999862
2.03199595328 0.214494412563
11.844253978 6.46839622866
4.63068013092 2.99147063026
1.02530619098 13.0747637194
4.84422725596 6.75817795831
5.4589592747 5.88845730576
6.62059793355 6.17203342007
5.12620433422 7.99734423549
1.00319687005 5.15988977597
9.5377001593 2.90017208698
0.67171995445 6.95744546752
11.3696414876 2.09695550864
12.8998047564 3.73782536453
4.86971904473 3.99905699908
11.0634469702 2.95201929322
5.96741231683 5.25320625832
6.02930899441 6.71479532132
2.01085859347 5.25501696373
5.34155938147 8.98539046882
1.60218724957 8.66808785513
3.7716600842 0.872919295483
8.0281496586 11.3111258619
0.575893741393 10.7366722919
13.9271072979 3.8568660219
7.86262179095 14.5815132668
5.39260279844 5.91970812906
3.00317502468 4.88735002023
2.00497102618 4.82736904679
1.57806581173 7.07131996831
9.09334201951 2.12866736317
10.4897686059 7.42124774719
11.2310389038 8.18969499791
1.35972767618 0.146767686908
3.29810036788 8.48446987139
5.08833087724 4.9996098752
5.22231777448 5.97497425974
4.05472168665 3.23748789782
3.53048873291 7.61544195804
1.08792240198 5.83405567385
0.233912222689 6.51142558499
1.78512063302 0.066019211943
6.96106586487 11.719689031
11.4320845436 0.243079943457
1.19897771026 11.5247739691
10.7860878963 3.15605216122
5.13855798596 5.99035432272
3.18595705109 4.15783126422
3.23872493833 7.42856133485
1.67950506306 2.76968312256
8.24460481527 8.80427911604
6.80349005713 0.722536466797
7.22201453637 11.6379704278
2.53713212753 7.68172319456
12.4115769584 0.105734715923
4.91843041673 6.27465213629
4.53518031618 5.88540536566
6.24215158597 3.43249898327
4.44829526062 2.0511660134
6.99855574794 1.53506494688
9.99966596618 4.94220530671
4.58985860319 0.985965589161
5.99055813716 11.9295594793
2.92530000402 3.90930304566
3.18489429686 3.81506615327
10.8542676334 3.10725295498
4.66027095279 5.94052335137
6.90522019274 4.39161195182
6.47624914104 7.6116447832
1.00426166224 5.1845945182
3.05338287454 0.394494407033
6.69955167205 0.754261387357
1.10017553518 8.43334508024
1.93424583944 12.3892591934
13.88867297 3.5887973808
13.4887916987 0.285869417183
5.92459258785 5.38095740771
6.40489221545 3.57652612846
7.96883136703 5.43132390858
7.01129212367 8.45755751843
0.544498440279 7.26903191941
9.74630119528 1.32949254684
7.39347882008 1.57808932273
0.668854779162 11.7261564861
13.5432586569 2.16932313371
9.20595200725 4.07248409823
4.10259394275 5.44120558519
4.2241320062 3.15662568744
2.80095824637 7.04064092034
2.92010015926 8.41672601367
2.27489704809 9.19211329779
10.9999023092 4.96576142273
1.98428834049 5.4687391353
1.44131207159 2.16489638642
0.00994511543247 2.48995008321
2.49960091725 1.61483076745
4.53362492466 5.88458707265
6.90018158974 5.62394705386
3.24303270211 2.56832035125
3.80657600703 8.81781864066
2.55098723353 9.35916694675
2.41439925623 0.414302244411
1.42686452761 2.22593937634
12.8954210985 6.28931209482
1.46808464069 1.25810523088
4.99985172775 5.05445569686
4.52598128745 5.88051476998
6.52568034744 6.29317418682
3.562245334 7.63303276098
2.25553070106 7.90996361956
9.56690622655 2.9644736509
10.6104676813 2.87334713774
4.76582454341 11.9960818931
6.67347691405 12.8230093326
3.84236425147 6.67707914073
13.6128060851 10.0812962264
5.14070417917 4.00994831753
6.89823866472 5.62983328886
3.32403099406 2.51180228054
1.0002066202 5.04065610541
9.47731857564 7.22567256626
8.34812446301 0.0210380017333
7.38387154182 11.5815770505
0.918878723001 0.382088317968
9.73331321107 12.6547858263
3.29195642462 0.589584837189
4.16009408777 5.54273203204
3.85245755654 3.36196876084
7.94541176777 5.56969247696
7.62930565504 1.98557604634
9.87746126026 6.10016892099
1.70703361874 10.015612865
6.10859705745 1.9116577291
11.0672788249 10.2142235914
3.84684047024 6.65330387227
4.99822156485 4.81141171764
4.87575442598 4.00774850097
3.55764158519 6.38549709607
5.25165010895 2.01057326187
8.9692052307 4.5046114287
6.27569961424 0.165479290124
6.89249424698 10.6937215883
3.0022897273 1.70888617181
7.49970552429 12.5994389459
13.4241556452 1.83241390548
14.341928117 8.56768539209
5.83153712104 4.44453081424
3.01176853906 4.7833536113
2.05206003651 4.4435379872
6.13599420684 1.16470116392
8.43561752557 1.36729684422
6.29384401413 0.858836716201
6.37163089965 11.8643010333
2.4000123417 1.96029321436
0.492777923444 2.79005450254
4.61905909453 4.99274156708
5.9734954401 5.22870642341
3.79934210702 6.59950636886
6.94723883841 2.71783854511
6.45173056363 1.2727384891
4.17259579302 0.0689349752535
0.513690019311 2.63373239659
0.542890182594 10.3976079957
10.9242678689 10.37615571
13.2582217121 8.57795670088
3.89887480449 4.93919128017
5.44445462969 4.10419863689
3.1052625437 4.35971102484
2.93038464964 7.17179471902
3.57916928178 1.26085035467
0.210690889668 6.43614701396
8.47070858105 9.89430096596
10.1051446394 9.7893108284
2.91651101273 12.7239286403
3.99994764576 4.96930189523
1.9145867159 4.51210938048
4.00075536859 4.96113913789
3.15339508422 5.76814730685
2.10633086573 5.79163055862
8.60459899209 6.7340317489
3.89472642304 0.123692962899
7.48748073184 0.460076886705
0.37582652168 0.255189781768
6.81503745363 2.79138235757
13.034491519 9.0554834522
13.7959655416 0.242795969232
4.59369357334 5.91373688098
6.46961943635 3.64345338734
7.97898223044 4.64550758723
6.8784085285 1.4684873779
9.6921341261 3.27260967273
0.667233067616 6.97039827378
0.991178051865 0.738409761262
0.0823778382739 11.3100707028
7.11262595115 3.74853196774
12.4155300689 11.7089428226
5.54086037029 4.1588876057
6.90381979922 4.38724379065
7.72039884193 6.26468578738
3.26913271374 8.60611958168
7.72742054925 9.19060582106
3.02130314179 10.6643409805
1.31587949208 8.01822236449
12.979141183 5.57732658146
13.9907035671 5.40896132914
0.27350849291 13.4964762211
4.99580330879 4.00000880615
6.51636729226 6.30408214273
2.94404438974 7.18473031027
6.35507216496 8.76347969674
9.12847748193 7.8205803802
9.77283345625 1.36405984662
10.3973725704 9.45739490472
12.4435979564 7.93135624976
12.1191564562 0.506143055887
3.36069123558 14.8647182816
4.71932806134 4.04019623732
4.73012863609 6.981708719
3.62433035441 2.33400430867
2.0985505716 7.75346894198
0.780707128071 7.68282829508
0.613332639929 7.11907920416
2.18771944915 1.41023229714
2.72465680957 2.91921236683
1.55607789369 1.1658610633
1.31309791316 4.29552327747
4.69670511302 4.04710325243
3.27048918131 6.00438654314
6.60419517304 7.5350656494
1.31219165493 3.45078419514
9.96837979762 5.56142870126
0.315568069379 1.25085376554
10.8924396833 8.77877686279
12.9432679433 4.04895090511
1.74375070011 0.960019001205
4.96239212516 4.13354564774
4.56289220736 5.89940912694
3.71629976891 3.46633976491
4.45090709741 7.94932144473
7.01973108274 8.45263469736
6.95343757393 9.60261682576
10.9957031213 5.22703321587
11.9846782228 5.46289320959
2.93114418788 3.95264529833
0.675056540216 1.985251124
14.7048126901 2.58823495131
5.52501727064 5.85109157294
6.71789765962 3.97587714063
2.10895613557 5.80116501044
1.12543535836 5.9938555417
7.76661414668 9.16483447011
6.80854864119 0.720939766545
3.4298845303 1.82163744359
0.257982860311 1.02939600961
6.23536324277 13.9148122615
2.95808731581 11.0554806807
4.22656305898 4.36612674905
5.19330656894 3.00936377748
7.89457377967 5.78831632867
1.98365619681 2.37289702125
9.53363369875 7.10859324801
9.43829681136 0.962485738197
11.4923806398 2.38294179884
0.128957027193 11.1395276539
3.42637341082 1.83831830486
0.724337425461 13.1995098048
5.41464643311 5.90998260176
6.90851288162 5.59797874602
7.97919529257 5.35269733301
8.91563952265 5.81717019566
1.52153487406 8.5916960294
9.8880587174 1.52050550003
5.00950031637 1.99999355314
0.667000051149 1.72496181723
8.64848313923 3.22730641114
4.8269821963 3.14786044977
5.92698647448 4.62490524378
6.04719856907 3.29607067138
7.08125040231 7.16064730183
7.87013349705 2.21390349968
4.20921582002 0.0629299801709
10.8512987062 6.32751777801
0.224722654917 9.65856986415
1.92528382355 9.00505230468
12.86188661 0.619276437417
14.3447287554 8.56034331045
5.48736374361 4.12680094972
3.0137767461 4.76565583924
4.97590840626 7.99990326429
6.18031929508 8.82189041728
4.27281450799 0.0531624991096
5.80961052837 0.945126642246
2.66655004954 1.59962205954
6.24310926866 2.90282730079
12.8497394765 9.40245274254
0.224909317278 13.5264484181
5.99868957133 5.05117753521
5.64228095971 6.89406313749
4.14962293094 7.876953048
1.39786776596 3.26084981428
5.14873672223 9.99778724912
2.34854527187 10.3823589461
0.57287667266 10.4222300804
6.29217139898 2.8949536462
13.9100003404 3.73039615077
10.1760195552 3.55621537622
4.71647747286 5.95896557634
3.38667170802 6.18202022922
2.084388435 5.70654738129
3.73403589044 8.79438201468
1.05122170084 1.93289225098
5.4746510597 0.981196065297
10.1021628464 9.79248727583
0.71004718373 0.603156356874
12.3904180925 10.1363138941
3.97362107612 4.94718785912
4.90253962345 5.99523940587
4.17616749024 3.17755658637
2.43344329383 6.55331473759
3.36007812297 1.351622794
0.910154802562 2.12368877536
0.0973893197222 8.45896061233
6.22863254681 11.8913323868
12.7186356073 7.1030131624
13.8526994386 3.37836112201
4.78553444155 2.94006900765
4.78265384268 5.97609458963
4.59635219136 3.04115634963
6.22797243927 2.26283290821
7.59554536351 1.95645859796
6.30194547547 9.82751882222
10.996490419 4.79481068402
1.35951512421 10.9788686111
9.33859012667 1.72135668692
1.84420090862 0.844391664017
14.3161494116 8.63446834363
5.18109661849 4.01653469061
6.89032516284 4.34679958763
2.0736099443 5.66048561066
8.76256250651 3.64238319671
1.37468793529 8.44341580897
0.213374823856 8.61776442338
11.9940341119 4.71105910451
11.2991268944 9.93163262712
2.74716767849 0.419454949314
0.241768229029 13.7954096217
5.01583782876 5.99987457372
5.84144765913 6.81437753429
7.66213573177 3.61687551333
1.32699724727 6.58399835179
2.49823798286 9.32910923974
0.990638093913 5.33504511302
4.85617665004 11.9985223329
1.89256558637 9.06110079135
13.9995056209 5.09433227811
4.9608656919 4.11617045311
5.89474552766 5.44657635488
6.97215022448 5.33260110055
4.12336090959 2.13094024023
2.17223683317 7.82909092684
3.83911053418 0.136633301081
10.8467120691 3.6524251483
2.91735723738 1.68300823906
12.2067821732 8.47308086682
3.50095598622 2.0447085896
12.7866131441 1.27444465619
5.08748947646 5.99616544384
6.41290943453 3.58448351129
3.20716333953 7.40535583831
3.97300598595 1.13408700368
0.4915190773 2.83814899458
9.06771183991 9.41063718611
1.81752984424 3.41214395395
2.72926948922 7.06358744982
0.566990792662 12.8325238185
3.97109004197 4.94692637443
4.36013984695 5.7684913692
3.66173972709 3.51370950284
2.01101829259 4.7431180178
3.46183030378 1.30757072029
2.82574645964 0.497487196883
6.25958305774 10.8662978548
1.30853526401 1.9664570511
1.66685098069 9.42188851073
12.2034118652 10.3954478498
7.7143830319 4.62455841876
4.00132042104 5.0513721575
6.99372795372 4.84173172602
3.00518567618 7.24069538615
4.46241538758 1.03628926579
9.78782586257 6.44108414388
7.0409041831 10.6422256349
9.86775083356 10.0304077193
9.79281193708 1.40538474533
0.471271367329 12.1459911576
3.39396511866 0.435195450651
5.28250534419 4.04073427534
6.66424019249 3.89080904182
7.64864889813 3.59122073608
7.97718791766 7.67139516039
1.19993685852 8.2495415247
0.916316396774 5.99859916546
8.52215730388 11.0493311966
12.4662078829 7.87328032898
13.9803690123 5.59411480558
14.8044464243 3.03204920955
5.52539210892 4.14913976948
6.31925070896 6.50318913211
7.17732310224 7.06379846605
6.93284473125 1.49798468808
2.94993201318 9.56039704954
5.57619850869 10.9722688552
11.9428582692 5.89259120215
5.20619486508 12.9973422884
2.67020598272 9.70828420793
6.31161539243 14.9136100923
4.73483393561 5.96420275788
6.49940139519 3.67644589982
7.999995802 5.00501876318
6.64825644504 8.64461941654
9.99454497822 5.23349616813
0.238844631889 2.07519113053
11.6732249342 7.11378073063
1.45576150773 2.17205504091
1.11938851425 1.59947605584
12.9262251978 1.09712670968
5.07949371858 5.9968353669
3.24599320152 4.03903165979
3.19177440512 2.6061912779
1.46440188394 3.12929265739
7.04247629704 0.436197793939
2.77651320332 0.572800594402
1.23637919617 1.82075881356
2.77874456965 6.86845736373
3.99647474518 5.25187727035
4.66138073893 2.41974376903
4.35376606006 4.23686063208
3.4814416287 6.30153005073
7.82381227072 3.98704182726
2.42577194429 1.93840729077
7.8465602569 9.11060758329
7.90715099897 10.2486639318
1.51808274197 11.0725820051
3.90405178154 2.92457554084
10.0810320982 12.4285336922
8.18744433057 4.47840696739
5.47447236786 4.11972960283
3.22396202098 4.08038644145
2.17298770275 6.00399276452
1.71878784264 7.2877164987
3.34700717569 0.28114264649
10.9735578257 4.43732166987
0.896258686423 0.670917670998
2.0678869124 8.74766255065
2.05736890973 10.5851180893
14.1462205583 0.95690100298
4.01295559585 5.16044732541
6.46275458786 3.63605388094
5.6218980547 7.93483267148
8.95445320139 4.39808648626
1.18226915725 1.77123379411
9.65421233815 8.78659576815
5.18863844968 1.99745779089
12.5526125398 7.63781042233
3.48180573419 8.00981253361
4.643285599 7.64708195115
5.99384455306 4.88921640758
5.74343670298 6.8566911075
6.91877665736 7.30614313068
1.06414933565 4.28650189351
0.823217983518 2.25145638805
7.45303950242 10.4756366935
1.42050121552 1.01557881271
2.95869043402 5.81194000731
6.00868151035 3.94329702127
3.24536515109 10.6580874441
4.20698383437 5.6092005918
4.38117950901 3.09814269727
6.76850334877 2.57669731453
6.98576997512 1.5277215541
4.06582493499 9.91195652952
6.77290384317 0.732086178947
11.9885198872 4.59926344572
1.89060197249 2.37100019716
0.488787064816 2.13254628847
0.868289542148 14.1065343953
5.05270923063 5.99860990232
5.70045435192 6.87332957615
7.97164571244 4.58851274658
6.01311567207 8.86957318512
9.89188809913 6.03413288584
10.8976460674 3.89647344226
7.53263806289 11.5257753901
12.7330726909 7.04928932977
13.209495667 1.31161540862
14.3918816122 1.56597032894
4.8621830647 5.99045771861
3.02173244242 5.29403651241
7.71462469906 3.72296721137
1.04670115513 5.6094491309
0.888543090683 7.84533338694
9.21298234706 9.27209313374
6.98075846002 11.7139106282
12.7291625589 7.06398792084
10.5097104279 12.1163959277
4.18376412303 1.04292070681
5.49255581039 4.12971914094
6.89836572036 5.62945022977
2.90777770837 7.15002462368
7.89759469689 2.24247484643
2.08939729045 0.934487502519
1.65750214134 0.0172589807585
7.67588471221 1.46835690164
2.41179533457 8.01086198926
12.9741607062 9.17286005409
0.365716308327 13.4385477719
5.99999999761 4.99993085268
5.48616807532 6.94001046454
7.00429881195 2.76778444759
3.25131970597 1.40248457553
9.36273161385 7.4426569275
0.945506120774 5.80681904281
0.0172624669735 9.88129873471
0.798283538069 10.5117971672
4.47297359718 3.98455581377
10.21969972 3.5296386109
4.07016351293 4.63202702911
6.03779048315 6.70967567483
2.00685825149 5.20273744924
8.57466966355 3.20508028132
0.123920734294 3.89372200847
0.997259143672 5.18133605168
11.9761087339 5.57784680687
10.551801614 0.759991218602
2.04620076489 0.599201262752
4.64740269722 7.63203746131
4.56090308428 5.89843970226
6.98799095606 4.78115768544
2.48205994782 3.36905613413
8.99053311285 5.27503722515
0.438540110163 7.04770204703
7.86793429825 10.270194765
6.83121957546 1.75622933791
1.10300609125 0.172360839128
12.2756983894 10.2975667005
14.9392190319 3.89912533169
4.18362034896 4.42248440249
3.9435159059 3.30181233107
3.62308117427 2.33464926373
4.18825392711 8.91676758478
8.89131900303 8.13968731193
10.2777644375 7.85398012299
3.00983794402 11.711129189
2.09013037999 12.4520238053
1.03007932372 11.6811782905
9.31808572304 14.0196527477
5.84157408131 5.54014170888
6.79256294404 5.8869713026
7.54954125953 6.58108803233
1.40463492341 6.75309724946
5.16653438835 0.00277413983543
0.907373693887 6.05020761793
10.5350611154 0.714781400086
12.9916825689 4.63529502649
0.988606509122 3.05659495453
0.0292624859067 13.6770829526
4.8326135502 5.98589136137
3.16372964536 5.79253465833
2.12978472538 5.87284837018
1.03243013282 4.49167987541
2.49731568931 9.32857612166
0.781130628585 3.39422023452
2.46504339936 11.5248750971
11.2764401446 0.0395263218671
0.0296689066353 12.5030533
14.4059423032 8.3953275821
4.97421531644 5.99966751978
6.99804716897 4.91163988132
5.53425113088 2.04795397577
8.25174343969 7.32941293085
9.3965318397 2.61871719813
0.338148108354 8.77718637882
11.3652495056 2.08733820502
8.41402501267 2.23494528057
3.89345205416 3.61923551595
0.297784513063 13.8254840952
4.68943492968 5.95055212224
6.67659507888 3.90957396332
6.48736595608 2.39467036391
1.00500937837 5.20012479376
7.65350125413 0.762202093734
3.27717871491 0.747337367828
1.72336904764 3.05158817256
12.9215282655 3.88223887205
13.0312330279 9.06193255126
8.23701823076 4.46159146094
4.8094785315 5.98168302931
3.01668217922 5.25777979321
2.01149930857 4.73758121766
1.00462330547 4.8077369802
6.32257258544 0.178091481972
0.694536169952 3.10995825202
5.49212541787 1.98267946945
1.08240525762 11.975130926
13.6115617262 2.38446857501
10.7175402487 13.2042509411
5.55075469421 4.16533284071
3.06161004843 5.49258947983
2.37258062301 3.55201263216
4.87484478343 8.99804154203
5.24604369787 9.99394258064
2.83945170096 0.597502215052
9.32507052889 10.5039771911
2.83176683258 3.3679986887
1.68826174581 3.36853569842
12.3998594102 1.72622336153
5.04353723949 4.00094819515
3.41230761534 6.21623718563
7.91453801801 4.28903717287
1.10228019805 4.10123398736
5.2642685024 9.99301133172
0.322490552519 7.76967404551
6.12645722957 1.90876936292
0.509974463502 1.62115327429
0.304320182759 2.27077625834
10.0567993852 3.62721159925
5.69945399857 4.28532237765
6.74342400039 4.01996288087
2.04591849509 5.52287901309
8.86287371945 3.96163271066
1.61793233358 8.68261025629
10.1649583428 8.05339242758
4.91407546022 11.9994726211
12.9781601514 5.59072887074
0.298586200085 2.27495596415
3.67346544758 0.0229529709252
4.12232316693 4.52074706397
3.4918152993 6.31353679376
4.17717914924 2.11504491412
4.76811142425 8.99327280416
8.43400606289 1.36577348531
10.1084870527 8.14696044347
0.707720371966 0.947602172115
0.221683725057 1.41620554351
9.37218027949 2.86664093522
0.91078425735 13.0661409275
4.60481348735 5.91860090367
6.66990371612 3.89935401746
3.8017744413 7.7503191652
5.33851789479 1.01435003608
1.92710122797 8.94427346121
10.8237938769 6.44340738515
3.21607919796 1.76887188327
10.6344590451 0.67916114135
2.86236759833 0.620139756942
2.91005372352 4.77916788696
4.8209820033 5.98384579933
4.5261071269 3.05695456954
7.02689800341 7.2117152809
2.2385673949 7.89387110416
3.19925525144 9.66447407009
0.782374850432 0.732490410353
1.8253983007 6.55368530818
6.79079926005 12.7969890349
2.01647382629 13.4910877731
3.78365170096 14.9257491816
5.89464057914 5.44678656443
6.15191294002 3.36503927307
7.70283175692 6.30180662688
1.77288870412 7.36341970119
7.72293980899 0.806481334653
5.72928073824 0.955514218338
11.9955476644 4.75037453
12.8792023405 6.38498031678
2.93613075688 9.2447412889
2.51089635237 1.60200242229
4.50311317643 4.13218464835
4.18687366455 6.82724534822
2.81073690583 2.94887174841
3.14983334776 1.45360981293
8.68085962096 1.61602712027
10.2449026869 2.0860686684
7.23617371557 11.6332139355
2.56513064059 12.6204600388
4.87764860237 13.9991683024
2.59695738157 1.50278698271
4.51452125065 5.87424846807
3.11479681005 5.66783900202
6.09351788052 2.20639683473
3.25331709596 1.40151436952
7.70484382006 0.794786579841
8.21272772427 10.0673839967
1.40811921417 7.81709214209
12.8090571095 3.26258034408
3.98779123285 4.53137567859
12.7512874233 1.31803318145
4.62475411142 5.92692530611
6.70421460435 3.95326575373
2.00037718715 5.04757079576
3.26932962687 8.60621408954
4.15180194524 0.0724691721007
6.4879019625 10.8125852897
0.124634530958 0.231549421027
2.60796152714 2.52635463303
4.25941104246 13.9694775765
1.81857815654 2.31484736158
4.40583506438 4.19565677147
5.09011301101 6.99796887995
6.93076241089 7.29611770445
7.3094805677 1.73406988632
0.315065860308 3.25317656681
7.59640707936 10.4091284213
7.21589417777 11.6400160386
12.5477233098 7.65176787037
2.63685367135 13.6842120788
14.962989779 5.85955492184
4.21362205223 5.61774567847
5.05691626398 3.00081002931
7.03665179183 2.79726318439
1.71381247844 2.71943612825
1.71910978078 8.77303052856
9.57276614633 8.88456043471
7.03136577281 11.6987725067
1.63550513126 2.25811093042
9.71813064431 2.66415313151
6.65364906263 4.86232451188
5.7456077863 5.66638504561
3.62924426579 3.54362480207
4.42775513224 2.05508305528
8.99742400831 4.85646847808
4.58803551026 0.0170003753568
9.08751842242 0.607712082939
6.74707753544 11.778474761
2.99984969344 5.04903959968
2.72617878218 9.61585977102
8.93638968964 4.19265120688
5.90971771965 4.5847727483
6.47575769156 3.65013362298
7.78454975236 3.8836296866
4.31652755341 8.94117563866
0.705867643337 2.4386668894
0.656013257513 7.00237709506
1.71238723392 6.98591480732
11.1411669367 10.126994115
8.13776625545 3.43530811092
1.90563033783 4.50919956641
5.6153198861 5.78827751317
4.58641183579 3.04323102273
5.05211579004 2.00045271009
8.9762165547 5.43554782761
9.48430316215 2.78843377899
5.33112197207 10.9908562192
10.6659269837 0.889370922137
8.75326140822 2.06491534284
2.17882584945 0.428117484293
4.99942240185 4.89252149308
4.03152032808 5.2490926034
5.15064368497 3.00568144967
4.46390076066 7.9517109624
6.49876173361 8.70859990641
0.448081038525 2.93117575223
1.00078074534 0.527165847795
0.44464330251 0.600470558294
11.5652859353 0.428674088712
2.98833912759 3.772298475
0.912302474039 4.12637545449
5.57813428636 5.81594163206
6.44564796042 3.6179356113
7.98940464675 5.25191240143
8.61844712422 6.70494586694
9.18716015127 2.26729257555
10.9999820577 4.98532666247
0.434518539582 10.3062584779
1.82718765251 2.34392686562
1.0017852931 11.7066066901
2.62704986947 4.71437634015
4.07295778539 5.37495697398
3.58569976507 6.41412688451
2.01804983753 5.32859280054
3.65281362908 8.76630971669
2.13018991233 0.90559038924
10.7903827423 3.4279097679
1.40403677902 7.82636036856
2.37608812313 12.5574523791
13.93594598 3.92814672534
3.18410991559 4.83374512591
4.74689511422 4.03256115605
5.50007955379 3.06352886934
4.63756159286 2.0219740765
8.3007492825 7.25943669398
7.36634661319 9.40458893726
3.5509946491 0.822403583835
0.822083837713 1.11369844368
6.15148156919 2.91669692459
10.6003894252 12.0452564386
1.66302829455 4.42680326712
5.99525137343 4.90266191039
6.97545756951 5.31235779335
2.00196275498 5.10850197003
1.10074581856 4.10791433791
2.16229947719 0.883271232783
10.9991834759 5.09898294321
1.91168910307 3.8915985644
2.96159630689 5.78293310449
13.9804413331 4.4069793746
13.891150147 9.57683832619
5.34424945306 4.06112177889
6.81917272374 4.16897015625
2.01866630229 5.33413976549
5.65266315395 8.94639465937
0.0394627036569 4.37304726527
9.84419003306 1.45968604166
0.787524453008 1.06241689537
0.323440307509 10.9716817809
7.49110121039 3.64837642333
4.32225606045 1.38122369531
4.44670597647 4.16701397159
4.37702966711 3.09949797044
2.01350960247 5.28438548744
8.90513861472 5.86596327856
3.13845185134 9.64054290899
2.03315809001 10.2151557101
1.55538215302 1.09381718533
2.93925255557 4.01599346604
3.74976765447 7.10750231145
3.59977170378 10.1033250575
5.82225332057 5.56912167137
3.0842728326 5.57444705594
7.22360945077 2.98615765006
8.09091556662 2.46105514829
0.00152446648282 5.12345987539
7.84219483687 10.2841204102
2.36341128992 1.48447376229
1.61877426398 9.49353171153
13.7662773633 2.96226076491
1.80297498183 2.32936091324
5.76209783949 5.64746187768
3.73325209536 3.45230825224
3.18442832636 7.38824192616
6.83134182859 1.44385220964
0.000390854717962 5.06251715294
3.77704781766 0.874043578295
1.7216753636 6.95424673631
12.9930947353 5.33231995423
13.2513028371 1.40611609937
10.5288706713 13.332561977
5.50519822335 5.86300333436
6.99773816319 4.90490935198
5.98427105066 2.16606095711
7.28916926884 8.2801987834
1.24925042867 1.69366098938
1.4571668877 9.84234793652
1.88975995066 1.27107700762
2.88573322203 3.65270212985
4.37504554046 13.978275554
14.9698075489 4.22350953819
5.99964481471 4.9733495885
4.93539605656 6.9989563103
7.97605428465 4.62171321089
6.85139364611 8.54574978913
2.45935773581 0.693593506715
10.9616536673 4.32273671981
3.21916461529 11.769684286
1.8326961042 0.838958790441
10.0013010738 12.4824452934
5.48731508955 14.9881191424
4.02029139967 4.79957281015
4.44446996778 3.0787019015
3.02349691574 7.25686409824
5.86338733966 8.90570893715
3.2466683183 0.317497676034
10.9926000836 4.70210028939
5.87444645202 1.94516690962
12.9999736274 5.02054169673
1.03793416093 11.674080541
2.13512012841 12.0064299578
4.18083047693 4.42644852674
4.25276268659 3.14483521016
4.28305385585 2.08692804305
1.17400852294 3.83304275251
9.04785819279 2.06489454175
0.86623416429 6.2598796489
4.95048977621 1.99982490765
12.829140641 6.644553685
0.170729182488 2.36638036768
14.7832844989 2.92940964632
4.58110567154 4.09196501081
3.55197015928 6.37956862113
2.16667096092 4.01397436325
8.71970413467 3.52901354509
1.14748811834 1.81281437602
2.16178738224 0.286260411329
0.614378460909 10.4558522447
3.71361379697 2.89589833627
3.94476819201 4.00444890071
2.12522064252 4.57787260543
5.33733935794 5.94138310883
5.38874055579 3.03814353729
6.63055894147 7.51818933728
5.10178180015 8.99870484847
8.83424065323 1.79085702825
8.40632304817 9.9393282227
3.98689016618 1.92629832339
6.5644758396 12.8455347394
7.97668179225 13.4934895954
14.999781506 5.06610470346
4.86471987587 5.99080739199
6.90796481466 5.59972515875
3.9405282268 7.80669192499
5.27944528931 1.00977314802
5.56058142371 9.96847546712
0.963413115236 5.66159203217
1.79714273536 3.32702342064
11.72470916 9.33339205626
5.82592978232 3.96202209296
1.79044798651 12.3409683382
4.07306552163 4.62477676936
3.01300064277 4.77233016365
6.36127495919 7.67337436314
8.09862381235 2.47046833
9.27434299683 2.40577719818
6.89056797468 10.694361486
11.9985418029 4.85712721371
5.46900382278 2.98624038044
3.70499096641 7.28541730865
11.2427934619 12.8120118915
5.99277680268 5.11997591449
6.71826725207 6.02350263823
5.4573467267 7.96493405855
8.9734116803 4.53956583656
9.76989017816 6.49938243565
6.27239406528 0.863532496938
6.11283114665 1.91097727091
0.0771038796627 1.18247654222
13.7443599704 2.87017167175
9.85639951457 13.7415893152
4.67241039128 4.05517988577
6.94605752237 5.46136766211
4.31565988102 2.07909626972
8.99501764882 4.8004154674
6.36692217167 9.80952427758
4.56858189251 10.984469769
1.95168073845 4.17894280913
6.53257306681 12.8518290732
4.56618329147 3.98953853451
0.161901086284 3.56474034489
5.94851751159 5.31672469152
5.83483795306 6.81742829078
6.31733374534 2.30470190825
4.0517186797 8.88596996097
9.01167645943 7.98436793724
3.3592553131 0.771304607486
1.50945966326 2.42571662548
2.63739475707 12.6431731935
3.59145557945 2.31916225289
8.82345996484 14.2401923085
5.93996386965 4.6587260283
3.66882966549 6.49264380899
4.80104582823 7.99339560325
1.01705335918 5.36896619949
2.06938549681 0.948889209897
2.17947599222 0.295719433801
1.99866080746 4.86308067304
7.33600207677 12.6513459141
13.3375373172 1.61097779813
4.85715606408 3.31581642082
5.6445071901 5.7645982487
6.42225291312 3.59387175154
7.91234979374 5.71987407157
1.80838403449 2.58886177735
6.31580564313 9.82375947882
5.18096935186 10.9972702202
11.4317234355 2.23722356137
4.2055924648 12.9604595764
3.81872813945 6.79722953526
4.398141533 14.9818718879
4.83273445468 4.01408811887
3.61131826039 6.4392925436
3.12742467417 7.34381348428
1.14348573057 3.9382572394
1.12890682155 1.83540877779
0.942485353426 5.82877489363
6.686148398 1.79388722161
1.45137569865 9.73072421463
13.8271548514 3.24462618526
4.93746700896 3.88342064956
5.74420487631 5.66795142194
4.67801576913 3.02608861519
4.29106145519 7.9150310701
8.83761983487 3.87187145988
9.74026394071 3.40943476323
0.0939577457653 8.17042496905
10.6221600592 0.829710289569
11.0603071581 10.2223248798
3.86389935449 6.55925887314
13.8086347959 0.266296055711
5.7824923176 5.62266023873
5.1300868657 6.99576486776
7.30307018252 3.07753602521
5.57970808744 1.0422306114
5.93576659325 0.0883464207089
4.00984277272 4.86004048702
6.34298336314 6.48202418547
3.26439984741 2.5530238844
6.01795940004 1.13169822017
9.99979526715 5.04524695161
5.99728020304 4.92629656307
5.69633557216 3.12513553265
5.8820549876 2.13260065585
7.36328351575 1.77278897124
3.54254031128 0.217133573288
4.39803627154 5.79852343085
3.80575558433 6.60430055652
7.99986812874 5.02812845859
6.82767683302 8.55803279833
9.10896145855 7.8489358947
5.80033661878 4.40044908754
6.99920339235 5.05644285634
2.28195582074 6.2697384926
3.94037632343 1.14290294858
2.73100906961 0.54447756623
5.06479518083 4.0021014157
6.63135997496 3.84299324458
7.46830103874 6.70513635296
7.99180925775 2.34499013839
9.85250612359 3.79451905012
5.89038166386 5.45521477642
6.70886972534 3.96088294123
7.07073309365 7.17072901461
7.88046076235 7.77541813004
5.07731266583 9.99940223944
4.00131618002 5.05128964528
3.01653632339 4.74334489373
4.14949820665 2.12308382126
7.553120468 8.07921676338
4.29772948982 0.0495640464162
4.94840276629 5.99866797559
5.363309935 6.96672466073
6.96215554656 7.26934916024
1.14800028958 6.07800660061
8.97366622294 8.0347943503
4.21568796196 4.37963347368
4.41918781638 3.08619300676
2.0006621918 4.93697054431
8.97962187315 4.59675101147
3.99133999414 0.102796206754
5.22852872341 5.97353717062
4.52962930334 6.94390107972
7.88691295467 4.18407500824
1.30956324955 6.54294413085
7.04775317348 0.438563061874
4.60698302216 5.91953121488
6.08226210071 6.68187655474
7.05694924089 7.18379482104
2.56586920725 8.17411519699
9.85184671684 3.79186779021
5.93745290864 4.65188788575
5.98466715602 6.74081319844
4.07670437001 2.14561299407
2.203830427 2.1396790881
0.740983940495 7.61930949009
5.75089359934 5.66042319952
3.41187924743 3.7843222157
7.59077454638 6.51257636165
2.83545518027 8.36373984181
0.907776534288 2.12707342477
5.66623800685 5.74573917573
3.07565041816 5.54486575124
6.26326589766 2.27894151628
7.26949876015 8.293839003
7.07372148451 0.450309988068
5.83391009577 4.44809969001
5.04919034554 6.99939498597
3.23748625098 7.42766251454
3.33373362762 1.36357918053
0.168630128245 6.28758112843
5.02828791478 4.00040018313
6.480563877 3.65540689943
3.8459990651 7.76916627205
1.16634549877 6.14153106186
0.955412364902 2.06038933496
5.27572163887 4.03876247584
6.19642755939 3.39732689074
2.00084794524 5.07132287446
5.49838296997 8.96883035859
1.4717428984 1.45720423606
5.19022993251 4.01826043536
5.85723866008 6.80697035938
7.3673618291 3.15728516311
7.62931425472 8.01441645263
9.82843413056 6.29854682118
5.33875770556 4.05912635443
5.55899385622 6.92029317259
7.04810454141 2.80790789713
8.54614489702 6.85063674699
8.74318229091 8.31490366934
14.3278317328 0.830227711245
14.5474270528 2.26956922189
14.6771088219 13.6806431126
5.60571330894 14.138864547
6.0774262096 15.1138829621
6.53569879454 20.9261303904
6.3531854579 17.6532675605
20.1660805607 4.69484401248
8.07057022654 8.78985837321
2.22012029764 14.8058645063
4.23610488414 15.9734435913
16.7480241719 2.55379312874
14.5040585385 3.8697729
17.5776549601 11.1483815516
17.8404059991 2.75396503587
7.06006171235 10.8668253202
20.7807271825 11.3220763672
8.12943106645 7.31332773345
10.0325608244 16.6199016804
13.8875413049 1.57729301885
10.6723468346 4.4246740733
6.92593355224 3.66879419042
13.2260251414 5.06640503721
3.54276515969 18.9239529811
15.6853365508 15.5272780335
9.53017420453 10.3452768524
20.518920053 11.9399654457
13.1731832545 11.0374273338
12.7369052677 11.8119154078
11.128156998 6.82719543454
3.19977743156 12.3323700175
16.9930871913 5.40725866626
17.9939383558 4.60305415259
18.6520797388 1.89827164225
1.08323199967 8.71110091999
9.98152448734 10.2047497113
7.25346506316 6.78357305514
15.9001720947 9.32432365966
22.5920717366 2.17767455469
12.3870806505 14.883796156
6.77405142788 15.8560002548
5.91193349883 0.00703421631713
4.86487654026 3.46665287144
2.70326236901 16.6901560671
18.6178866517 1.28913055525
10.2857228893 0.272772932119
12.2078091044 10.3963465769
0.937772767048 21.9924352159
21.9495631315 13.5855873212
3.70634002041 13.0055447973
10.9150749472 14.2742594512
6.07757075538 6.95152045838
10.4275567656 16.8127739146
12.5313955809 16.8016134746
12.6158814964 7.92278410534
3.32072213103 10.911631778
7.03311372612 21.8779871009
9.08992976672 12.5291892141
10.8391662611 15.4938463946
24.7929849172 7.87014774333
6.53371895448 5.89255278475
16.0590366168 0.341920019212
10.9796577458 16.5431232014
2.4359681074 18.7632024055
18.1770449427 12.1669719253
7.17381306014 15.3825948383
8.34963507377 5.52555192839
20.4472693303 14.2402310706
6.39028217402 23.9490663484
3.31606978008 24.9289833914
3.63165410686 1.81869103124
14.585398384 12.2194278042
6.98954064028 10.025028879
5.04506679214 8.99992746354
6.22989685232 19.9494934273
9.55419002193 1.64646919843
11.9231197265 6.61493613539
19.9205553799 15.0686159504
22.5824398717 12.2012365715
10.0684275474 18.1507601016
4.84588783893 9.90494573499
0.731883712794 16.2153102213
1.94622107655 7.63623497275
11.2568628286 7.52404357803
9.69775122934 2.00398451263
2.24074925943 20.7602834794
1.3492424973 21.6033722375
14.407675622 10.3458671762
12.7795721001 22.3343086952
13.0716141081 3.56835827499
4.76699425695 10.0602196775
16.9606615939 4.02913737461
6.01355462378 17.9604285047
0.0304776159692 8.0650026772
16.5449643101 14.5767321711
10.9999130467 5.05274939257
2.70775263201 21.8447499834
9.52851989576 5.62648152676
9.2014285791 13.5296518557
0.831022863852 14.131104839
10.717232362 4.39751318799
15.9740023384 0.144974492647
10.2999300228 16.8705830419
10.3197269679 17.9499229722
4.66193948537 9.99619001908
19.590527228 11.5663167155
1.85871036838 11.7072528996
9.28982013598 15.9453661648
3.42847560674 13.9348966483
9.43245939971 8.84572553808
0.0890716717571 14.8429052091
12.1697773495 4.6225928293
13.313334503 14.9944219163
18.069047281 10.0199604746
16.4881721627 14.6447861749
17.1218838471 5.44317633656
11.9835772264 5.74706398325
1.33270717679 12.6224562235
15.8562271617 20.5930218949
5.86613163628 14.9812365981
13.4333392838 12.0624916654
8.97123185181 16.3238384649
8.35368082825 7.55996914416
8.55856578021 1.51212185078
6.42882985092 4.71503207605
11.8050475513 9.48072262783
14.6064251296 9.02556937274
0.965647397981 22.5420637065
13.6068562863 21.9387728265
12.2642690844 5.09678230827
15.9840477614 5.59219487898
5.31981515108 1.12383991034
17.998682291 5.18509105497
8.96582499535 18.4265495235
7.68317445925 13.0085632692
7.19304079066 20.8489927784
17.5158137101 16.5045385468
21.3128072445 2.60870027043
7.38611999101 9.40777677396
4.47808474828 14.993188952
3.76836084905 11.6419762135
4.87280656191 16.9993258906
3.82270072403 4.54777209271
1.58912463338 17.3524668211
16.4727572702 14.6631175414
10.9864885318 5.65740734878
11.4619672043 0.756930855456
12.9989132395 5.1977933185
12.525636316 2.33839708102
22.6259540671 4.45122972029
10.9023762043 4.28234642441
3.06013506342 3.89011938949
7.79692664354 7.28881377134
18.9643201249 5.99888109899
16.5252616538 14.6004345636
1.05434545662 19.8102971304
21.9870635594 5.66307739181
22.996615777 4.65097195914
7.2341445086 9.53704605973
1.63133581226 13.8686349624
11.0118757495 4.21180492482
16.9607458377 4.03017578589
13.9841882541 14.3959758096
14.5920450503 15.197679724
6.11346289224 19.9586162591
3.878208182 18.3108008578
21.9786328152 4.14792739424
3.53313823435 10.8488344011
5.90491363662 23.9784385899
14.6467687787 1.25774445608
0.776515650834 5.15687845513
1.44339322998 16.4608266841
10.4883751974 16.7846399051
13.9064388007 5.80163635239
14.3296480865 6.74553815631
1.76258617542 19.5006009607
5.46275369626 18.3989098471
17.1323235425 8.29686900966
12.3218493081 12.8072745916
16.0203621718 21.6898657155
5.92703126409 6.26490622326
3.74767965094 3.214505507
17.8824907674 3.25602992372
10.662425903 17.8037858812
4.93712009745 9.99986820335
20.7552515801 7.78783924347
17.1227878761 6.91797021778
18.996405589 16.3181549109
7.01989775845 19.7146885076
13.3685409028 12.9118079541
13.1412384955 12.397312739
7.51164668865 16.7342077241
12.1155905363 15.8797229432
13.8794768856 5.82381126212
0.49156808194 8.95860594764
15.9203883363 6.69380684743
21.1505108086 0.306693944605
11.3728715284 11.8340876938
11.1399657178 22.9805678716
14.2635933922 10.3771711541
4.25107374818 0.951271671311
10.4509256113 15.690528985
16.4761596664 1.10718914981
8.72234807769 2.22562381163
5.63724581198 5.57586883124
10.9637272502 9.8470184645
11.1039811406 10.4462639876
11.2289541265 21.8878693295
10.381955751 23.2218152854
6.58151562396 11.3054744136
10.3674452722 14.6015900376
7.24627267646 16.7878861151
1.9961038877 7.64818596268
2.82807244296 18.8305000158
9.13960273884 0.00715831462249
20.9939038031 4.55836537888
19.3128610562 4.17289531098
15.4830533188 19.6323474916
18.5809196475 18.2875363228
3.30557850578 13.1938826446
1.9600855724 3.51805193838
10.8403681608 15.4828478834
2.41540653003 5.67762829445
6.94982155197 12.2939539947
8.512541084 9.58293712299
11.6475846631 9.55368057045
8.48921611229 5.34606440517
15.8019603949 19.3985294953
1.77263414747 22.7519414911
2.54943115347 24.8493000463
4.47082931763 0.594943434588
5.71127060501 10.4100537914
3.99528679728 17.9611169033
0.823360031309 17.7313973289
5.06712062292 6.1199407536
10.6373355784 8.38729036363
8.67569649852 5.09828328383
2.37941946454 21.417800351
10.7635935039 15.6070316226
14.7857150776 7.91984226752
5.0835216442 9.3957469503
2.24777616572 4.56398142259
17.9273826743 3.62785671615
7.47839412508 18.7788810344
0.773793502832 18.8442518247
13.2497504459 8.70918004769
21.7643714203 2.17938820787
1.59427627692 12.6748704641
4.13671805521 11.6589430391
21.0828086331 6.88878742645
4.33438061745 0.819736977617
16.6034161735 8.059531517
13.0094177511 5.23959116803
2.03732444881 7.10272963435
3.25597753629 17.523531248
7.74867032934 4.66806106899
10.3881684799 12.2252523024
6.49781484874 8.84919686134
11.8221016311 13.8327174025
13.9172426865 11.4913734403
5.15978507279 9.21648755183
16.5355832222 8.30610340488
17.3834684301 1.04402860962
8.32232344098 9.30298711756
9.62125166653 8.34947752703
6.37541671543 6.25166185727
6.05755297193 11.9670734575
7.23196909538 12.8610837845
21.8573467954 13.765264344
14.7176635652 8.34869280917
1.37933355392 15.3870484011
3.58646780965 6.91645613204
12.7298981981 5.45220904151
15.2040919705 4.58522337026
7.75438579161 9.74494350315
4.74906966898 17.6868294144
7.45828081049 16.5668162969
11.7806322571 11.6740224959
13.8340060263 7.50603611296
2.53352828936 24.8473302311
7.80056367525 15.6375205335
5.47140261968 16.9907372405
0.252634332382 6.89158662964
7.75305941463 0.775766232026
9.09682604606 10.1263530338
12.9911330182 8.86152203349
6.68164013756 17.3506794832
21.561711262 2.05051204339
13.2936241748 0.132573871861
20.0550691423 18.1660507792
9.2295272375 5.1543635619
3.84097625305 3.11400880533
2.4455286362 15.6566459699
4.31297417144 5.45315799566
5.36708245931 15.8408302856
10.8428268071 9.89501174561
5.62900810814 18.2674106983
6.1761406868 9.11006305262
6.66960323674 9.99401081423
8.99284264886 14.597377569
12.2978617787 13.2305050549
3.72709089108 16.9322966105
13.9474040511 14.4310105899
8.53733405367 1.43060415205
6.64791564701 19.9092043389
16.5911267954 6.02931455769
14.3385598262 9.20532647889
22.9942147954 5.4563265265
13.950296188 6.37341704737
4.24363109819 12.7357064737
4.6742064827 0.23543015713
6.94093465005 3.81084917556
3.39746700318 7.90084834397
0.770583731632 7.75540526194
18.2300654284 12.0686185893
20.9350964306 6.43968807353
9.67796259713 13.5765618984
1.33250329907 12.6224137946
8.41456106514 23.69066004
24.5544114875 0.801787121167
8.85856982826 5.30104066978
6.84020621757 3.04820166888
7.90119831964 6.59971307345
10.8272997083 7.72959457756
4.25234054738 19.9813552572
14.6272135181 7.77954458798
11.163296287 0.267623101426
9.96777425069 14.9982865522
23.9552922457 3.69735043888
14.2364374623 10.4735248021
14.9015018961 9.79168657168
2.93732689004 16.8213949956
15.7643342004 2.28897175338
12.3147225274 6.93712001897
5.59898292177 15.6142150451
12.4864171381 9.14049357112
11.613730059 1.39667188193
3.18159457885 12.9079144996
0.110263920616 23.3600239944
3.54634174923 24.9471019873
9.89790495097 4.84939221938
13.6634161573 13.3033258689
7.71551170755 2.29523346382
3.99877333871 5.724834656
19.8840281765 3.13835952928
4.70959149102 7.71706857249
10.2918037431 21.1553957904
12.9155472433 3.25840102978
2.80750065557 23.8730746468
18.7223311117 9.54983260592
6.1264097514 5.94217533546
5.3759845466 11.0281792184
16.8333738255 10.3824960666
5.75950694984 3.95728810502
18.2344018226 2.06049632796
0.498815516984 20.0254127368
3.3493468259 11.9196732858
22.7488111444 7.99661525093
23.4974947945 9.34081632039
10.1716165111 14.3197925109
1.34915597457 3.98266210044
9.45684392071 16.1416579676
7.20881384917 7.810977378
18.9732945669 4.13568585211
5.61984504701 15.5933418324
10.7394167811 2.1241072012
17.4547472262 6.57062105215
21.1708917272 12.9058371313
6.77677109912 13.916740852
9.13055352947 19.1537082403
11.3860808955 3.95644855935
6.8771022813 3.28697886773
15.487793382 12.6815486705
14.1141286359 15.6269778963
0.168001503741 19.0816107196
17.8515209639 14.5309185767
14.4751554089 9.11458217509
22.2456538406 0.156299410526
21.1664102838 4.98234333885
21.2215516504 6.69877181815
15.9919876397 4.58022895585
0.948449613997 6.29535034736
17.3938927932 1.07680978907
1.40139662993 18.5295991731
9.62492858302 8.3333862575
5.51094959038 7.06316453956
14.840396296 18.8624168433
12.5653794271 8.93159580581
16.5798823383 20.0634101395
14.7850165588 7.92457172411
11.6327479786 13.7753435404
4.42811647954 6.98636513873
2.8546590118 7.82175931939
6.34947024363 3.19692168981
19.928778065 3.54000497025
19.548174755 11.6596254622
15.5505583658 18.329880651
12.2407017815 0.172833080922
8.12061804565 23.7419780977
12.7775164258 4.16296402531
