5.99312419796 4.88293451653
6.71756332228 3.97531652011
4.19717539224 2.10941655558
6.02717034578 8.86586614884
9.76920177448 6.50157065576
4.00145367088 5.05390017263
3.01446889531 4.75986205568
3.39049275336 7.53169635284
2.58406709877 1.81201188573
7.62470529712 9.25569290519
4.37186688749 4.22189409913
5.60057508404 3.09230254798
5.60928061483 7.93747802245
8.71174664093 6.49095166708
8.42561824809 1.35786606255
5.90188612868 4.56802614558
3.13196250085 4.28555203005
5.44409884852 7.9669472885
2.09701822077 2.2481466628
0.445410839722 7.06293906383
4.34805654453 4.24173241473
3.9649568037 6.71134028813
4.1250809043 2.13041526071
5.64047298473 1.05160863695
3.6780592825 9.82208178481
4.64006672672 4.0670219516
6.95754784141 5.40988589704
3.06183651752 2.71012613553
3.27244403663 8.60770708254
8.15240490611 1.11897651283
4.47528219102 4.14872376931
4.37804835759 6.90083564637
6.36228383705 7.67286040551
3.32094387754 1.36946690724
1.21521586541 8.26732444893
4.17090864362 4.44088684261
4.10599360103 3.21093528384
3.10867806655 2.67128762101
6.92288079741 8.50749617804
9.10685348699 2.14802622095
5.87043293095 4.50771297731
3.05591209773 4.5304020568
7.6549473214 3.60312680583
7.7532901615 7.9016190802
9.88798045862 6.05244811566
5.87571339134 5.48283129168
5.36073269965 3.03280099649
6.88802902879 2.66861706568
3.85441318276 1.16755550018
4.39070322668 0.0372631097323
2.46691201503 3.07745163772
3.76030800188 6.93579338585
1.88447415122 17.6211528271
8.59560324476 8.34059461939
5.43317673682 15.7772363423
8.92922752551 10.5100345278
12.386007881 20.311658551
20.5610714499 4.047267838
23.0719471142 0.865554321681
18.3478060912 9.89416236493
13.5985858426 11.8603441245
15.9149264211 9.98641967977
6.30824316815 7.93400555949
4.35060563853 15.4195093067
3.33529315967 9.90733883481
9.66688424457 11.3939429585
11.9671300939 3.94335607897
12.0438549174 0.78852395297
18.4720029048 8.39795274414
13.8505729424 1.68250699535
4.54591829477 10.465843385
16.983154549 5.63561549273
7.96094141171 7.65831054906
7.88598014495 18.6993108806
7.20743633389 13.7165645844
5.64752998546 6.94278465052
2.45978852778 10.2758487529
22.2891956579 0.00836435396951
13.4712968614 0.549023448873
14.9829755457 5.82503838646
4.9205871149 9.7520470637
6.61063829268 6.8914189351
16.4397826826 1.1750604997
14.8637639675 4.93509740228
7.27067667764 19.8271382075
6.88197811385 10.8889319458
21.9374577207 3.54311086232
6.51693373531 12.9359669949
13.9773570557 5.92731827352
19.6079079352 8.66049141709
0.988131024905 14.2272578174
10.6622110655 15.5801401621
6.84516050301 10.3565075056
17.1477435683 1.95933374668
7.69405058458 12.991312768
14.1834745996 18.1020530559
5.61013212346 8.28251091936
0.852668965137 22.0219348484
9.05186346401 7.78847657811
8.77478521326 19.5001824929
10.084752956 14.7542445826
8.93862161254 16.3352220884
12.4879142055 15.6269064573
10.2510752026 17.9779123597
3.13362021252 9.88343463347
4.61724452275 10.995421165
14.8271108934 8.87183807175
18.5962468954 16.7958497091
6.6643984146 23.9269590246
18.4285509073 19.8214041349
12.5520104531 2.99794586857
16.7306172739 7.52836278511
11.8566174802 6.04476331707
17.1100006496 2.02480492727
5.62430440558 9.98700250247
8.88738667877 2.9460991206
11.6248275746 10.6560422715
4.94930759063 20.0003759442
23.2809057405 0.177691117431
24.9885324381 4.32282131499
4.78437268619 0.026534704711
5.20187179316 6.99830187065
4.23005463393 17.9771793597
8.6063867013 8.29639817599
9.62372674647 8.33865482563
20.1650130085 10.1012136253
11.0512240772 0.599839785512
12.6278774088 1.35885484199
10.4436782961 23.2034712791
7.47940649756 14.8457185161
8.0023803097 5.58233020067
0.495113437493 5.66788302847
16.3284430809 11.3770194733
18.0872984178 0.027815357159
9.79267746957 2.51470458873
0.486580390197 20.3502131394
5.03213661027 8.72429360779
0.745698775931 22.4900234733
0.0538225871006 23.3155364993
14.4151240978 0.198650578688
15.0767975984 0.588860673064
16.9999763752 4.9761883683
6.6227711277 17.8983182573
15.1282280419 14.665350316
1.38736737653 19.5584643946
10.2612174945 9.80575078267
5.33079995458 8.50091005446
6.31953961095 18.9952857419
13.975986 5.95496352216
14.8147265792 7.71599164065
15.9317574227 3.77661140595
9.54840593662 6.10459379877
0.345900578552 16.8499513503
13.3068711992 6.26924535539
19.9939959589 4.57563555188
9.75244172157 11.1939860552
9.18457330292 14.3700523058
6.06987425432 9.193586016
10.7771015951 13.1004170438
6.85970925909 21.1042632955
2.33915105954 13.1937086673
2.10135972761 4.67319440615
6.88229951519 7.86300697874
7.9389058068 0.346467667785
1.32091072571 19.5418122018
6.17645623553 6.44931552606
11.7243018181 1.95078228086
8.4987321246 6.90731838107
4.4315811217 21.4937951226
19.0619728637 9.22184654606
4.63885697481 10.300229827
6.8636654078 6.80373032682
4.68296847347 17.9961336947
18.9623278992 3.97364741178
7.13609495704 3.81562245072
4.74920785651 17.6867232243
20.9112639958 10.985956737
2.32018690426 11.4442957796
10.8504264968 23.0768501074
19.6976260452 18.563914945
14.8421209036 9.91249998668
16.9998164802 4.93363403773
1.20115073675 16.4256610111
18.8900247756 3.24865430788
17.0652307948 13.9123625301
3.81303611821 8.35404037657
21.9046858518 3.20233588992
17.119471057 8.30858449647
13.9996770574 5.11077777089
23.8794274531 11.6005468745
0.724897589476 15.1352602029
2.4556289588 14.402850463
7.05602317154 0.136636422474
3.69619606654 8.9391569079
3.63195207139 17.2674122551
20.9160662419 6.63671481423
21.4323155251 0.643509843391
11.3304571328 12.5707443381
12.5793332044 2.20881710749
15.9759197035 21.7191263726
4.11392652694 1.15924859553
3.19175404438 6.86297798042
14.9330915078 13.3865185326
16.5010297348 12.9828763638
6.17156554013 15.0098013658
15.6908763479 6.90399777025
9.63825129555 21.3550183405
2.1280524504 11.5284865691
6.45237166001 20.1605799151
9.23092437595 19.0527858948
1.77924738846 13.6626673055
5.47489469906 0.854620486723
4.7269109586 3.6248016327
3.04443718054 16.4580552647
14.2878996406 16.7785788729
14.6328448774 17.7753003709
6.33615613872 7.66852651252
6.37830048171 12.9471526372
20.2906969612 6.27805774239
18.6822477391 9.58753223837
10.2328029657 4.67562778955
16.8171548435 2.9131719271
12.8769046674 5.34187472661
4.25016623685 15.5087784538
7.98438178453 12.5103814599
10.2684275739 0.217205898267
2.18944129245 20.4049321291
7.57731631037 12.8145289199
19.9142652861 6.77135043129
1.42875652764 23.9386137166
3.20379682309 5.85235707795
4.81619642619 1.90233929348
13.2618145281 15.0370523912
13.7163877712 15.9555732037
14.3407630909 6.73670076642
15.3409089069 17.2092425227
6.91846496539 11.8914029073
4.84944292555 20.0661366666
23.8629892704 7.27763820308
12.1438204348 23.68062712
15.9651165836 4.12466103237
16.7954744034 2.79392121677
6.25287692658 7.93948605652
6.46317196825 13.0371442955
5.4794392873 5.73225755486
9.46284667816 1.84295739897
10.0796461264 11.2233533904
22.6743546836 1.59160059288
9.7897124926 23.3863714266
18.6853702131 9.58460291299
0.431887524328 14.5652808596
8.1452347088 6.58047920539
17.1306309203 0.325837671273
6.51597410371 2.96130268503
6.65272955629 14.4453106824
4.76261015038 20.9982388424
20.9380680142 0.91421913484
20.0609785576 14.8573284864
11.3562455113 14.6681556035
19.5649335139 8.70630189862
5.19770054986 9.12394271242
13.8498194561 13.1043627506
13.7105758547 4.65017452069
5.5404087335 8.98956605477
10.3887135858 18.9986344295
14.3228054282 18.0032803149
11.0753779035 0.530119823326
22.9979306944 4.72707012285
6.88390548245 19.8247357644
7.28801033987 20.7798859909
7.11329622491 5.79509050753
16.8813716425 3.31684584988
15.2249510309 3.02809917824
2.63897783431 6.73226396084
10.3752856364 9.00379606847
19.4435804496 1.88352989368
10.8724330275 11.0881745859
11.3597593632 12.5072147684
2.09512629774 22.6255264551
13.5727687563 13.0695222917
0.136076462553 14.8662175033
5.41966666734 0.95235638562
4.82385000088 3.5142217002
18.8182197297 7.24873375519
2.45492307451 19.7825093757
11.1161901373 9.78486449735
17.869301148 16.1077039915
0.774904898277 22.4971017995
11.2702591816 14.8121692893
11.7932976537 15.8620971233
6.076496723 5.94719849118
1.99337282882 14.7515504653
6.27421510875 7.93740220665
14.9301259694 4.86876883061
9.4790152209 8.91894350979
18.9778953312 12.7857846175
16.5433965146 17.4799838504
11.8539664751 1.32011187059
23.0095091298 1.05455042947
14.9819435451 5.84966591036
15.4207617289 1.47753992359
4.79036834167 1.9389255461
17.9999943541 4.98788418306
4.52778689214 15.2577422924
2.03172584824 18.2497106231
3.44379435878 18.5905237878
11.8572977837 7.19806993361
18.5482397186 16.8509577894
23.9963794401 4.62909816991
24.1411664914 0.797908704861
14.4037282783 0.707003983545
16.6821971846 7.74340462551
5.59780692678 2.52904298983
0.445176276223 7.89767635355
11.8140494602 18.3629611222
4.94144493063 17.5366531695
4.52434121293 19.0814390053
2.48214466958 11.3712403667
13.2410166484 0.316513108663
10.5277281916 14.2209318463
13.4028558108 12.098733283
4.53364084628 2.28763968746
7.19350694745 9.50759229771
8.62849668823 8.20375998146
15.3090634707 15.8960180964
20.7519359367 2.19348717363
9.57058761308 3.75773809893
22.9632553591 3.85045360921
12.2661070692 12.5557309178
1.18612747977 14.0192488496
12.672968204 2.88197684219
12.8027225482 14.1168810915
5.36661544998 7.99482947606
0.0971563447852 18.0391332993
8.07180178953 12.3571732327
1.5892250335 20.6322299794
4.56975490438 9.0506153271
16.9009450897 8.50435137178
11.9078627551 13.6674204384
17.795387713 10.3713386949
5.87362988407 6.66258026701
8.45959161227 16.4904841446
17.9303332093 3.65594527733
4.19992331825 18.9771197785
0.831743239325 19.4092205055
20.2556687368 9.82333612705
8.00239831564 21.732770373
10.3286229511 4.43574683974
23.0720976801 0.865090403439
3.87885595894 12.9211025571
4.0213622586 1.29404663146
15.4619451645 0.877729440506
0.374960347033 17.1494447696
8.9025475523 18.4450780065
14.1033293339 6.92180334674
7.07327808064 20.8651037816
15.5045811479 8.36614285825
21.0870069849 3.07515982919
12.9123874039 11.3361169096
16.7521947295 21.1828896999
5.42310055411 8.51553336478
13.7549487913 13.2067576826
17.3544127007 0.954201337061
17.1955119987 11.8752808735
1.07192503415 8.71611192648
20.9483164731 6.28499092389
10.1044784011 2.80094431662
16.3737867943 18.951235571
22.7607139275 11.7495956017
22.1052201756 15.3639491866
10.8312982342 4.32716253227
0.491926804021 16.1210285522
15.5753936886 12.5604925985
8.92104217297 3.51521556504
7.42324072551 3.40613406246
15.4417332436 7.12312694269
20.5920292073 11.774114348
3.68586051339 12.9519647228
9.48001179595 7.30159576597
14.9396797326 3.44784918259
15.0600173438 0.550724660989
16.8980609305 6.56081584262
10.5623904654 6.74988562966
18.3961586331 0.932699436273
18.2435996345 12.0432285724
20.8689891199 7.04332677598
0.0733322972241 21.2704623581
0.0437825382197 12.304216494
21.8262951586 3.82472612799
11.6793404837 13.8516951679
11.0244758288 4.20356946995
14.4771873318 2.36090485457
6.15904945238 1.66900407253
18.9879255987 4.41867612714
13.3075115449 7.48940558761
20.7052450966 1.94299550951
3.52100285441 19.7102858693
4.59502168371 22.9954436612
8.10030291126 8.7616155895
19.5392353132 18.7335587706
5.44758816818 1.55792192592
15.4739662097 10.8562814001
2.05172682593 15.921224692
11.0511851447 7.6247042874
18.997228468 0.39236452922
9.23961271794 2.29612428917
17.1371230324 16.90337114
21.8306517235 1.3819403446
0.80276827951 13.0922049594
18.6547989726 19.6132291099
0.0450297753596 4.82080801528
10.0033183034 5.90719056196
16.3707383405 1.30129427916
5.46661902548 14.2978430926
1.52846901885 8.50478034882
7.17821789041 15.3774278612
5.85940074207 11.9782634673
16.5655547395 8.79267717184
10.2826912244 23.2508403485
24.9120598097 6.87346580832
0.781632537442 5.15900467324
1.04113233121 16.3281669647
14.4512345603 3.92603861105
12.7198736203 16.6791930923
5.76887226433 9.98028155413
2.16909348923 20.7475702357
18.2987285562 15.5897978634
21.9717930023 0.996519180797
0.324481543032 13.2386922858
3.60456154382 13.0544044665
13.0904855402 12.4527876479
14.3604557852 12.5087860199
16.8229228954 0.405413417026
7.26741558492 18.8151665414
16.7546814823 14.3181255223
9.4876520439 11.7902826344
21.6462805579 8.44983239997
8.3861775952 22.6786255488
13.9980015083 4.72443024152
9.46619352355 24.4949510235
0.306284985068 14.6355248771
16.4941926828 8.44725029119
6.03607391062 11.8705947806
0.0851746584101 8.10894701575
6.16204488573 15.020416856
14.6031781742 17.7976157527
4.06978646105 19.3784204122
17.6989073571 17.7568707736
14.2366952391 21.6037182902
21.3493190913 16.519538413
13.1928944796 2.34005994843
6.6731255568 7.78175119938
11.9028202533 6.01594628487
15.1528954472 4.63943535884
0.699497288544 9.37030537006
9.87369832963 10.8968718826
8.06898574624 5.87205645518
22.9987543425 4.788240425
8.32425669974 18.5448951048
19.6641566548 8.60009226449
0.544655261737 15.057330822
12.3852163733 4.45825454933
0.148853232446 7.06094420183
16.384259581 13.1485356839
17.9316944958 12.6007419024
7.55354435158 14.9201070666
21.740441774 7.9593258034
7.12849290191 12.8737102462
13.6811921591 1.53401391907
14.8253507594 2.36267801246
9.36621220715 5.09634542605
5.03144778233 11.5855945358
6.81176661249 0.429748566191
3.14718632979 6.38522529016
18.4670935196 11.6058604386
10.9984276395 4.77569426268
3.55116559832 9.69277260799
0.527057126273 22.435388784
13.2346066125 0.338456863699
20.9030329514 7.12821268553
5.11157493453 0.66917417305
9.44777039956 6.14528323879
7.96297647005 4.01957099338
7.53509655237 1.23468960115
17.9512285581 12.5674089909
7.26011040148 15.280549253
7.30549740259 6.72922562128
12.5235266751 21.3522642582
21.1246806889 5.04961057354
10.9254178337 17.0988043551
5.99527805071 5.32227408768
1.10660051437 15.3300256611
17.8650495997 6.86828766424
7.95577981299 18.6844205466
19.8302254551 7.25042506012
9.79444726502 20.2647723672
10.8011579465 11.2708378666
22.9997624059 5.09248422929
3.22523504217 22.1273322062
8.28961218526 24.727606334
