5.99312419796 4.88293451653
6.71756332228 3.97531652011
4.19717539224 2.10941655558
6.02717034578 8.86586614884
9.76920177448 6.50157065576
4.00145367088 5.05390017263
3.01446889531 4.75986205568
3.39049275336 7.53169635284
2.58406709877 1.81201188573
7.62470529712 9.25569290519
4.37186688749 4.22189409913
5.60057508404 3.09230254798
5.60928061483 7.93747802245
8.71174664093 6.49095166708
8.42561824809 1.35786606255
5.90188612868 4.56802614558
3.13196250085 4.28555203005
5.44409884852 7.9669472885
2.09701822077 2.2481466628
0.445410839722 7.06293906383
4.34805654453 4.24173241473
3.9649568037 6.71134028813
4.1250809043 2.13041526071
5.64047298473 1.05160863695
3.6780592825 9.82208178481
4.64006672672 4.0670219516
6.95754784141 5.40988589704
3.06183651752 2.71012613553
3.27244403663 8.60770708254
8.15240490611 1.11897651283
4.47528219102 4.14872376931
4.37804835759 6.90083564637
6.36228383705 7.67286040551
3.32094387754 1.36946690724
1.21521586541 8.26732444893
4.17090864362 4.44088684261
4.10599360103 3.21093528384
3.10867806655 2.67128762101
6.92288079741 8.50749617804
9.10685348699 2.14802622095
5.87043293095 4.50771297731
3.05591209773 4.5304020568
7.6549473214 3.60312680583
7.7532901615 7.9016190802
9.88798045862 6.05244811566
5.87571339134 5.48283129168
5.36073269965 3.03280099649
6.88802902879 2.66861706568
3.85441318276 1.16755550018
4.39070322668 0.0372631097323
2.46691201503 3.07745163772
3.76030800188 6.93579338585
1.88447415122 17.6211528271
8.59560324476 8.34059461939
5.43317673682 15.7772363423
8.92922752551 10.5100345278
12.386007881 20.311658551
20.5610714499 4.047267838
23.0719471142 0.865554321681
18.3478060912 9.89416236493
13.5985858426 11.8603441245
15.9149264211 9.98641967977
6.30824316815 7.93400555949
4.35060563853 15.4195093067
3.33529315967 9.90733883481
9.66688424457 11.3939429585
11.9671300939 3.94335607897
12.0438549174 0.78852395297
18.4720029048 8.39795274414
13.8505729424 1.68250699535
4.54591829477 10.465843385
16.983154549 5.63561549273
7.96094141171 7.65831054906
7.88598014495 18.6993108806
7.20743633389 13.7165645844
5.64752998546 6.94278465052
2.45978852778 10.2758487529
22.2891956579 0.00836435396951
13.4712968614 0.549023448873
14.9829755457 5.82503838646
4.9205871149 9.7520470637
6.61063829268 6.8914189351
16.4397826826 1.1750604997
14.8637639675 4.93509740228
7.27067667764 19.8271382075
6.88197811385 10.8889319458
21.9374577207 3.54311086232
6.51693373531 12.9359669949
13.9773570557 5.92731827352
19.6079079352 8.66049141709
0.988131024905 14.2272578174
10.6622110655 15.5801401621
6.84516050301 10.3565075056
17.1477435683 1.95933374668
7.69405058458 12.991312768
14.1834745996 18.1020530559
5.61013212346 8.28251091936
0.852668965137 22.0219348484
9.05186346401 7.78847657811
8.77478521326 19.5001824929
10.084752956 14.7542445826
8.93862161254 16.3352220884
12.4879142055 15.6269064573
10.2510752026 17.9779123597
3.13362021252 9.88343463347
4.61724452275 10.995421165
14.8271108934 8.87183807175
18.5962468954 16.7958497091
6.6643984146 23.9269590246
18.4285509073 19.8214041349
12.5520104531 2.99794586857
16.7306172739 7.52836278511
11.8566174802 6.04476331707
17.1100006496 2.02480492727
5.62430440558 9.98700250247
8.88738667877 2.9460991206
11.6248275746 10.6560422715
4.94930759063 20.0003759442
23.2809057405 0.177691117431
24.9885324381 4.32282131499
4.78437268619 0.026534704711
5.20187179316 6.99830187065
4.23005463393 17.9771793597
8.6063867013 8.29639817599
9.62372674647 8.33865482563
20.1650130085 10.1012136253
11.0512240772 0.599839785512
12.6278774088 1.35885484199
10.4436782961 23.2034712791
7.47940649756 14.8457185161
8.0023803097 5.58233020067
0.495113437493 5.66788302847
16.3284430809 11.3770194733
18.0872984178 0.027815357159
9.79267746957 2.51470458873
0.486580390197 20.3502131394
5.03213661027 8.72429360779
0.745698775931 22.4900234733
0.0538225871006 23.3155364993
14.4151240978 0.198650578688
15.0767975984 0.588860673064
16.9999763752 4.9761883683
6.6227711277 17.8983182573
15.1282280419 14.665350316
1.38736737653 19.5584643946
10.2612174945 9.80575078267
5.33079995458 8.50091005446
6.31953961095 18.9952857419
13.975986 5.95496352216
14.8147265792 7.71599164065
15.9317574227 3.77661140595
9.54840593662 6.10459379877
0.345900578552 16.8499513503
13.3068711992 6.26924535539
19.9939959589 4.57563555188
9.75244172157 11.1939860552
9.18457330292 14.3700523058
6.06987425432 9.193586016
10.7771015951 13.1004170438
6.85970925909 21.1042632955
2.33915105954 13.1937086673
2.10135972761 4.67319440615
6.88229951519 7.86300697874
7.9389058068 0.346467667785
1.32091072571 19.5418122018
6.17645623553 6.44931552606
11.7243018181 1.95078228086
8.4987321246 6.90731838107
4.4315811217 21.4937951226
19.0619728637 9.22184654606
4.63885697481 10.300229827
6.8636654078 6.80373032682
4.68296847347 17.9961336947
18.9623278992 3.97364741178
7.13609495704 3.81562245072
4.74920785651 17.6867232243
20.9112639958 10.985956737
2.32018690426 11.4442957796
10.8504264968 23.0768501074
19.6976260452 18.563914945
14.8421209036 9.91249998668
16.9998164802 4.93363403773
1.20115073675 16.4256610111
18.8900247756 3.24865430788
17.0652307948 13.9123625301
3.81303611821 8.35404037657
21.9046858518 3.20233588992
17.119471057 8.30858449647
13.9996770574 5.11077777089
23.8794274531 11.6005468745
0.724897589476 15.1352602029
2.4556289588 14.402850463
7.05602317154 0.136636422474
3.69619606654 8.9391569079
3.63195207139 17.2674122551
20.9160662419 6.63671481423
21.4323155251 0.643509843391
11.3304571328 12.5707443381
12.5793332044 2.20881710749
15.9759197035 21.7191263726
4.11392652694 1.15924859553
3.19175404438 6.86297798042
14.9330915078 13.3865185326
16.5010297348 12.9828763638
6.17156554013 15.0098013658
15.6908763479 6.90399777025
9.63825129555 21.3550183405
2.1280524504 11.5284865691
6.45237166001 20.1605799151
9.23092437595 19.0527858948
1.77924738846 13.6626673055
5.47489469906 0.854620486723
4.7269109586 3.6248016327
3.04443718054 16.4580552647
14.2878996406 16.7785788729
14.6328448774 17.7753003709
6.33615613872 7.66852651252
6.37830048171 12.9471526372
20.2906969612 6.27805774239
18.6822477391 9.58753223837
10.2328029657 4.67562778955
16.8171548435 2.9131719271
12.8769046674 5.34187472661
4.25016623685 15.5087784538
7.98438178453 12.5103814599
10.2684275739 0.217205898267
2.18944129245 20.4049321291
7.57731631037 12.8145289199
19.9142652861 6.77135043129
1.42875652764 23.9386137166
3.20379682309 5.85235707795
4.81619642619 1.90233929348
13.2618145281 15.0370523912
13.7163877712 15.9555732037
14.3407630909 6.73670076642
15.3409089069 17.2092425227
6.91846496539 11.8914029073
4.84944292555 20.0661366666
23.8629892704 7.27763820308
12.1438204348 23.68062712
15.9651165836 4.12466103237
16.7954744034 2.79392121677
6.25287692658 7.93948605652
6.46317196825 13.0371442955
5.4794392873 5.73225755486
9.46284667816 1.84295739897
10.0796461264 11.2233533904
22.6743546836 1.59160059288
9.7897124926 23.3863714266
18.6853702131 9.58460291299
0.431887524328 14.5652808596
8.1452347088 6.58047920539
17.1306309203 0.325837671273
6.51597410371 2.96130268503
6.65272955629 14.4453106824
4.76261015038 20.9982388424
20.9380680142 0.91421913484
20.0609785576 14.8573284864
11.3562455113 14.6681556035
19.5649335139 8.70630189862
5.19770054986 9.12394271242
13.8498194561 13.1043627506
13.7105758547 4.65017452069
5.5404087335 8.98956605477
10.3887135858 18.9986344295
14.3228054282 18.0032803149
11.0753779035 0.530119823326
22.9979306944 4.72707012285
6.88390548245 19.8247357644
7.28801033987 20.7798859909
7.11329622491 5.79509050753
16.8813716425 3.31684584988
15.2249510309 3.02809917824
2.63897783431 6.73226396084
10.3752856364 9.00379606847
19.4435804496 1.88352989368
10.8724330275 11.0881745859
11.3597593632 12.5072147684
2.09512629774 22.6255264551
13.5727687563 13.0695222917
0.136076462553 14.8662175033
5.41966666734 0.95235638562
4.82385000088 3.5142217002
18.8182197297 7.24873375519
2.45492307451 19.7825093757
11.1161901373 9.78486449735
17.869301148 16.1077039915
0.774904898277 22.4971017995
11.2702591816 14.8121692893
11.7932976537 15.8620971233
6.076496723 5.94719849118
1.99337282882 14.7515504653
6.27421510875 7.93740220665
14.9301259694 4.86876883061
9.4790152209 8.91894350979
18.9778953312 12.7857846175
16.5433965146 17.4799838504
11.8539664751 1.32011187059
23.0095091298 1.05455042947
14.9819435451 5.84966591036
15.4207617289 1.47753992359
4.79036834167 1.9389255461
17.9999943541 4.98788418306
4.52778689214 15.2577422924
2.03172584824 18.2497106231
3.44379435878 18.5905237878
11.8572977837 7.19806993361
18.5482397186 16.8509577894
23.9963794401 4.62909816991
24.1411664914 0.797908704861
14.4037282783 0.707003983545
16.6821971846 7.74340462551
5.59780692678 2.52904298983
0.445176276223 7.89767635355
11.8140494602 18.3629611222
4.94144493063 17.5366531695
4.52434121293 19.0814390053
2.48214466958 11.3712403667
13.2410166484 0.316513108663
10.5277281916 14.2209318463
13.4028558108 12.098733283
4.53364084628 2.28763968746
7.19350694745 9.50759229771
8.62849668823 8.20375998146
15.3090634707 15.8960180964
20.7519359367 2.19348717363
9.57058761308 3.75773809893
22.9632553591 3.85045360921
12.2661070692 12.5557309178
1.18612747977 14.0192488496
12.672968204 2.88197684219
12.8027225482 14.1168810915
5.36661544998 7.99482947606
0.0971563447852 18.0391332993
8.07180178953 12.3571732327
1.5892250335 20.6322299794
4.56975490438 9.0506153271
16.9009450897 8.50435137178
11.9078627551 13.6674204384
17.795387713 10.3713386949
5.87362988407 6.66258026701
8.45959161227 16.4904841446
17.9303332093 3.65594527733
4.19992331825 18.9771197785
0.831743239325 19.4092205055
20.2556687368 9.82333612705
8.00239831564 21.732770373
10.3286229511 4.43574683974
23.0720976801 0.865090403439
3.87885595894 12.9211025571
4.0213622586 1.29404663146
15.4619451645 0.877729440506
0.374960347033 17.1494447696
8.9025475523 18.4450780065
14.1033293339 6.92180334674
7.07327808064 20.8651037816
15.5045811479 8.36614285825
21.0870069849 3.07515982919
12.9123874039 11.3361169096
16.7521947295 21.1828896999
5.42310055411 8.51553336478
13.7549487913 13.2067576826
17.3544127007 0.954201337061
17.1955119987 11.8752808735
1.07192503415 8.71611192648
20.9483164731 6.28499092389
10.1044784011 2.80094431662
16.3737867943 18.951235571
22.7607139275 11.7495956017
22.1052201756 15.3639491866
10.8312982342 4.32716253227
0.491926804021 16.1210285522
15.5753936886 12.5604925985
8.92104217297 3.51521556504
7.42324072551 3.40613406246
15.4417332436 7.12312694269
20.5920292073 11.774114348
3.68586051339 12.9519647228
9.48001179595 7.30159576597
14.9396797326 3.44784918259
15.0600173438 0.550724660989
16.8980609305 6.56081584262
10.5623904654 6.74988562966
18.3961586331 0.932699436273
18.2435996345 12.0432285724
20.8689891199 7.04332677598
0.0733322972241 21.2704623581
0.0437825382197 12.304216494
21.8262951586 3.82472612799
11.6793404837 13.8516951679
11.0244758288 4.20356946995
14.4771873318 2.36090485457
6.15904945238 1.66900407253
18.9879255987 4.41867612714
13.3075115449 7.48940558761
20.7052450966 1.94299550951
3.52100285441 19.7102858693
4.59502168371 22.9954436612
8.10030291126 8.7616155895
19.5392353132 18.7335587706
5.44758816818 1.55792192592
15.4739662097 10.8562814001
2.05172682593 15.921224692
11.0511851447 7.6247042874
18.997228468 0.39236452922
9.23961271794 2.29612428917
17.1371230324 16.90337114
21.8306517235 1.3819403446
0.80276827951 13.0922049594
18.6547989726 19.6132291099
0.0450297753596 4.82080801528
10.0033183034 5.90719056196
16.3707383405 1.30129427916
5.46661902548 14.2978430926
1.52846901885 8.50478034882
7.17821789041 15.3774278612
5.85940074207 11.9782634673
16.5655547395 8.79267717184
10.2826912244 23.2508403485
24.9120598097 6.87346580832
0.781632537442 5.15900467324
1.04113233121 16.3281669647
14.4512345603 3.92603861105
12.7198736203 16.6791930923
5.76887226433 9.98028155413
2.16909348923 20.7475702357
18.2987285562 15.5897978634
21.9717930023 0.996519180797
0.324481543032 13.2386922858
3.60456154382 13.0544044665
13.0904855402 12.4527876479
14.3604557852 12.5087860199
16.8229228954 0.405413417026
7.26741558492 18.8151665414
16.7546814823 14.3181255223
9.4876520439 11.7902826344
21.6462805579 8.44983239997
8.3861775952 22.6786255488
13.9980015083 4.72443024152
9.46619352355 24.4949510235
0.306284985068 14.6355248771
16.4941926828 8.44725029119
6.03607391062 11.8705947806
0.0851746584101 8.10894701575
6.16204488573 15.020416856
14.6031781742 17.7976157527
4.06978646105 19.3784204122
17.6989073571 17.7568707736
14.2366952391 21.6037182902
21.3493190913 16.519538413
13.1928944796 2.34005994843
6.6731255568 7.78175119938
11.9028202533 6.01594628487
15.1528954472 4.63943535884
0.699497288544 9.37030537006
9.87369832963 10.8968718826
8.06898574624 5.87205645518
22.9987543425 4.788240425
8.32425669974 18.5448951048
19.6641566548 8.60009226449
0.544655261737 15.057330822
12.3852163733 4.45825454933
0.148853232446 7.06094420183
16.384259581 13.1485356839
17.9316944958 12.6007419024
7.55354435158 14.9201070666
21.740441774 7.9593258034
7.12849290191 12.8737102462
13.6811921591 1.53401391907
14.8253507594 2.36267801246
9.36621220715 5.09634542605
5.03144778233 11.5855945358
6.81176661249 0.429748566191
3.14718632979 6.38522529016
18.4670935196 11.6058604386
10.9984276395 4.77569426268
3.55116559832 9.69277260799
0.527057126273 22.435388784
13.2346066125 0.338456863699
20.9030329514 7.12821268553
5.11157493453 0.66917417305
9.44777039956 6.14528323879
7.96297647005 4.01957099338
7.53509655237 1.23468960115
17.9512285581 12.5674089909
7.26011040148 15.280549253
7.30549740259 6.72922562128
12.5235266751 21.3522642582
21.1246806889 5.04961057354
10.9254178337 17.0988043551
5.99527805071 5.32227408768
1.10660051437 15.3300256611
17.8650495997 6.86828766424
7.95577981299 18.6844205466
19.8302254551 7.25042506012
9.79444726502 20.2647723672
10.8011579465 11.2708378666
22.9997624059 5.09248422929
3.22523504217 22.1273322062
8.28961218526 24.727606334
5.49954478606 4.1337119378
6.50869216558 6.31295390229
3.78016968244 2.25919464457
1.89084707357 7.51657864571
0.00400120778175 4.80000982986
5.99436813089 4.89401877396
6.85723412368 4.25792088708
3.80666950924 7.7524466098
7.28837358211 8.28075392993
0.475808532474 2.87122298839
4.98617259338 5.99990439684
5.30802765542 6.97613738477
2.04756278997 5.53208506916
8.51825928302 3.0968837089
0.416812680146 6.99859800638
5.18013644993 4.0163583684
6.95346858872 5.4289061353
3.22573812712 7.41908966482
8.50019926641 3.06386852321
9.14864719791 2.20917101432
4.93144568937 4.00235261415
3.86696740567 6.64810107099
2.7836778237 2.9781404572
1.58194846961 7.07772080309
1.06784061139 8.08838510269
5.99907222475 4.95693389112
3.01685348421 5.25909437838
3.51697267295 7.60780174615
7.84547174253 7.81127916836
9.57722342894 2.98778090617
4.34904654793 4.24088235218
3.58049050325 6.40889772114
2.00318344479 5.13816850018
5.63578744762 8.94914855652
5.47715832292 9.97717991787
5.51666016006 5.85619056232
6.06753978565 6.69125953243
5.73504336521 7.9085582771
5.32245474938 1.01301831775
4.89339626477 9.99886343519
4.01908379329 5.19443095284
3.71471540742 6.5323327041
2.60455144346 6.80605266063
8.99945861233 4.93419112341
8.73929731616 8.31928540222
5.25933336642 4.03421213247
3.01619657761 5.25401571078
2.61615335301 3.17866116177
5.18955773937 8.99550595838
9.95683815145 5.6555574272
10.3804706786 4.59429701836
0.48410934625 15.673544148
4.23851993132 14.1460236977
7.25837227929 11.762566751
18.7068748256 11.0927483549
8.75726904765 10.5525859362
17.2282860703 6.80970024099
7.2761370709 22.8555089548
13.8905249426 7.03668048343
1.59191687458 23.8824424246
14.6257171458 0.324055731158
16.7028585026 7.6538844866
17.7370521775 2.39855774085
18.5976437696 1.66772091276
1.44395411216 8.54531119614
8.87573463591 20.5234880433
3.45619307277 11.9297566483
20.969255628 3.30559297621
20.7403751791 5.64145616082
4.44294505892 22.6303938871
15.9380772556 6.16553247525
4.26429779657 6.97742636245
15.3176291643 12.9086363192
18.7561331966 2.39830834292
7.13773756979 19.8468878248
9.36374820635 2.04859826239
2.30560632987 10.3501829355
3.72803287712 22.9550020785
1.24240233219 13.6247271058
14.6183074172 8.88870339363
11.8940625253 3.57157522849
0.462453254006 16.1090354904
8.21678477434 7.59572529534
18.1469742457 0.1878208488
17.4183828178 13.4133089918
9.40785388761 1.95799873192
1.25503415143 20.807420655
1.74158236031 21.6898492288
18.3249770467 18.5441864541
8.1094755245 10.1043586912
1.08011050415 5.27786292671
15.3011593311 1.15516989497
12.8739626597 5.34411485016
17.3847856654 1.52817616362
9.78645711678 2.47795996591
2.98851714838 10.8730569437
11.9507920817 3.70746458321
21.6405512675 11.8623650089
13.1590510049 12.1589593711
8.52198255162 9.73621348494
4.80418802716 0.0122252328269
8.51640620017 16.4732248054
4.75375660938 3.59443028972
6.10241273665 3.52856561357
5.3328016945 15.8735095136
8.19614280079 10.677521207
10.8802174317 1.06784099335
14.7839687346 10.1087377302
19.4603468007 17.3247056924
12.7465370289 14.2228207985
2.29879097626 5.66318291178
4.8733863027 16.9993320219
17.7013198669 2.22935501402
12.1437796072 17.0401998706
18.3948333152 1.75118067132
7.26346308443 15.2765496728
0.746918799565 20.9991538624
3.09939798028 11.0748173351
23.8960333401 3.01507581757
4.17605743188 12.7707616609
10.138044176 14.7262789414
14.3417086597 12.5320966084
12.8705378482 5.34672092887
13.0211363056 6.47437895345
8.67598654155 19.5425968433
2.42188965951 9.17446838093
21.8347487619 7.36457905826
9.28601230812 5.95033571779
23.5199862243 0.756167975758
22.0168781839 5.50837080016
5.36354865754 1.31260807306
3.5358963374 16.9103484611
6.54479555792 17.9078893195
8.5543816759 8.54128394584
9.83225928363 9.2003264123
5.02019461082 7.47380054199
8.92824110948 4.74700464739
17.9967728114 7.45326850628
23.7460562016 8.09602598289
9.81214352767 8.43876497733
15.9769005674 5.71249837496
13.4702474715 3.50028868752
7.99417842922 5.38900764727
17.9147382217 10.4045847819
9.46675471903 8.96396366022
2.32921668783 10.7755163624
2.94397987887 20.0297433007
1.62040260057 22.6798846551
17.3080123488 19.4745580942
14.7803192176 2.04382482754
15.4285670858 8.49928400353
3.64835829273 13.3190082847
12.109871126 5.88346142418
8.92328871979 3.53643202232
4.1154742748 6.9125198319
5.41772832932 7.14376121539
10.5663593229 11.0628653698
11.9205008977 1.13975971602
21.1678552746 14.9800027965
24.8908686409 2.91353296005
13.0473156122 2.49938073698
15.0500204359 1.55721657699
11.9589315433 15.9805861308
15.7010667741 14.0270244209
14.6549862381 16.4796010707
20.954627845 3.7959026915
14.4320422875 19.1434288024
6.2376340218 12.9574013161
11.6093993115 12.8133612982
5.75503305118 21.8620658304
15.9432088269 3.88367541856
16.8679386825 6.77539613262
3.74960744086 14.6147995107
1.83628554163 8.63784846763
8.60147697149 19.5612280946
7.6759379181 4.76322681783
21.9111036437 3.26374726761
20.0506254658 14.8731288398
13.8943854544 2.99945050011
20.4540548761 7.69536088047
2.73747704364 12.8186603072
9.74373532766 16.0225666313
0.746901559807 17.2845900891
3.92419055673 5.78697468742
9.9885501374 4.41402664005
1.23112571398 10.5497777031
21.7503788071 2.09744770616
21.3943007289 12.4314805799
11.2053966191 4.91892738241
20.0737758177 18.1446294203
5.98826332327 5.50800505752
9.49768347456 16.1252345307
12.1826669203 15.835557019
16.655508759 2.75558608803
12.0154874793 8.25831570858
10.9226679081 3.42880724012
8.54487145209 15.2730938546
22.551837218 1.0083824991
15.0941972124 21.0968065975
14.9688713666 12.3384429427
5.2572224155 8.97358632963
16.6986401725 2.32758197242
4.27950688007 14.1044358454
17.2655258093 11.7495834406
6.55160475124 14.5687213185
16.959618138 15.6286186305
21.3458930856 9.67030825913
20.9812133101 3.28256126667
5.99359296269 13.9740025568
24.2399975959 0.460997391447
3.0626126418 12.4829324057
1.26075141893 15.2373332304
10.8934377038 16.5873807235
18.0567787304 10.0517847526
18.0004081382 12.4826057119
10.7453419328 7.8432740671
0.687288507415 11.0204478537
1.16663825732 22.5870787156
4.56244711558 23.9949611074
2.23954829528 23.6437372992
5.26265344535 8.95953838983
5.97343081514 9.85631713805
3.12474642887 17.8640360713
7.89091315705 10.461168188
5.26879717153 5.93397478733
5.39159631709 17.1661302797
3.02970217298 9.98412102905
12.4151439663 9.55112740231
3.35668431276 13.9288011652
14.6561056848 22.5145546048
8.38032999241 5.46772989441
16.7931931873 2.78175870418
17.2440706823 9.36837877547
13.8879531654 15.8168520619
3.3701891096 7.44748706645
15.9672970513 6.64982383507
8.72405924381 15.0324572201
2.33306866427 21.4385554099
3.83080212454 13.9639915716
1.45010490625 23.9313535358
13.9869783091 11.3430450788
16.3762812381 1.18159389396
14.7794280126 3.56520798035
17.4898915834 11.324761516
18.4458283514 1.64903752021
10.9324561615 19.8595411737
2.75383165027 20.128717551
22.7407632742 1.95610143932
13.0227449881 1.01503641664
18.8859976284 19.3937163326
5.51422484966 1.76718763136
15.697269667 0.437685323049
7.9990689015 4.84441178015
3.42360125812 6.18226014025
11.9819814164 8.27599094234
12.3348308214 19.2197136688
8.18299871427 21.6993568494
6.95743456216 18.454358353
3.23006757484 12.1250105902
22.8049328898 4.10957544502
4.07405063149 5.96095879779
6.77373242643 2.6806844219
17.3353287795 9.10361595451
6.30066262746 3.26408035902
6.06470110475 9.96216600488
5.89390463745 20.975009687
11.7359511953 20.6085541129
1.66720291519 11.7197011124
12.5179204407 12.4493802826
17.8030356036 20.3649692266
13.7993334284 11.6008886687
15.464576185 10.8730439524
3.85874079377 4.51434241284
0.373091726373 17.9278724197
6.48871515883 4.64413936022
0.111995545909 10.2350717903
0.584826417553 21.0564539636
11.9845613985 0.960257888812
8.88464326019 17.9698373751
2.51342889985 14.8448220996
5.13423828688 0.722475675736
6.27130075954 9.11798241717
2.46642995471 15.6420122031
18.3121392445 0.665608608499
14.0959630059 6.92742457513
20.0624652822 10.3964932709
21.4013826769 9.47153735137
10.1783321224 4.67565160511
23.5908872883 8.9215953173
24.6101078716 8.92984341482
14.3576099173 0.782312395119
2.64914526223 4.2461114398
17.8764296376 6.78817219171
7.42224698184 8.78886215607
19.9992794304 4.85297425758
2.58904607553 9.08567995034
11.9999667969 5.03359917194
22.9981914147 5.25515838434
8.50721335075 8.36245439645
23.5832988274 12.3933081021
0.481565009022 15.0291447907
6.61763037674 8.00510639236
7.61176367651 7.73493975243
14.0298760256 5.6986606153
18.3720345006 1.7962264026
6.03918666356 10.9662171812
11.3161175918 20.7831130822
7.888902893 17.5648789176
11.949914028 3.58489455045
20.3857631155 7.77803949568
3.32267588864 2.19257019796
8.46166379797 6.48986004048
8.13672476871 7.61590098746
8.96088241279 3.95416910725
7.19194590885 3.73821806525
9.83086929966 20.2532849514
3.36842612453 11.9215237697
19.4013165522 5.79824437415
2.14165686821 22.6067242035
7.97242187956 20.2222294878
12.7531448652 12.8031240345
4.41914259637 16.9859336172
3.36478501654 14.9514004857
18.0098201147 0.171516275136
13.6897256925 17.226555827
6.60697755718 10.9190961782
13.5693563087 9.68217056347
21.0893818091 3.07042706437
7.35363017973 23.8536581325
13.5828563188 23.0647329737
12.5365886937 3.01247969496
10.6489543208 15.5872241443
3.90944265686 7.95417634129
2.69581195339 6.69506213656
19.6823244414 1.92927549298
3.31197822051 20.9107065359
6.99206608332 17.0494958838
22.9976119589 4.70680420321
0.581923493838 13.161556379
13.0142372831 23.3240825356
5.88362559134 3.40416354612
13.1890510451 3.77151315224
6.7335511769 10.5967648494
12.6233040832 16.7424543795
3.48285537634 9.92307850917
1.48413219339 20.6089292896
4.57334549343 9.04816913564
10.2031350464 14.6366324389
2.63115207769 12.4001585616
7.24598137262 24.8734890664
0.937157359189 5.22219691045
6.67820182055 2.23963729946
6.00917985203 1.91360680004
8.97816575118 5.78158955511
17.7288797114 12.9357180704
0.100945794144 10.1651030991
16.4790249219 7.53921795181
14.0793334686 10.5423841082
3.61119236402 11.936568899
23.5659151066 2.43685392175
5.40493362689 8.56894329179
16.7983977269 2.80960937803
7.12777880255 9.68155757376
6.91383601095 8.86856992351
6.25284226126 4.91834366431
20.013125838 0.532273725231
12.7263683777 10.142761693
21.8821309051 11.2444900594
11.3598724811 14.6620169945
2.19130071412 14.8017981083
15.8500062896 3.189650996
6.99999885305 5.00524660679
13.4513108171 4.87802335854
3.19589295182 6.35021315757
0.477148743419 8.96427017937
20.9943330207 4.57419344314
11.1141223604 10.4161850554
2.95601131655 22.8835709595
9.13043003409 7.70161198635
15.5710389508 11.9780191866
15.077345053 9.40988851134
10.7342113612 5.54129119537
6.8818226123 7.86307675698
5.30667724131 8.99664063515
7.56872433657 3.18701218707
20.4019229367 0.666321440953
21.6210025224 1.4303676451
4.39187628669 10.3555416647
22.7717201777 1.72056261977
8.49521569333 19.7607301103
0.448112393216 4.55604894038
1.27509640642 5.2285465776
16.5381202503 0.989305559883
15.9482361731 3.72560168112
1.0727945683 9.47677648847
10.6224753101 1.54482052772
21.1074459173 10.4360082801
12.4081772481 21.4048440974
4.91432823478 23.9998068503
12.7808700096 14.156454647
2.36841614406 5.68057893605
6.83781183248 6.96626829775
10.817070997 16.6259057719
14.5021383378 15.2815060672
19.5234633245 1.2491316921
19.9726790013 0.640822947338
12.7301789594 10.1408167962
15.7591422899 9.43055290642
12.811634239 12.319883675
1.42444889804 24.677790382
8.13912694408 15.5425747343
6.24848993353 16.9348763247
17.9915044792 4.53009430087
5.41248528832 4.35842669045
19.4838106251 8.90118312501
2.80182435428 18.9689490208
5.55122044755 21.9910610622
8.32902992653 12.6894759602
7.58349849753 9.23571443809
12.2806562246 15.0687099693
15.474720874 8.35860426547
7.89222817901 16.6462447235
10.5934997914 16.7351080133
15.9942878181 3.66750456438
5.44778034521 9.99331493575
6.2124103361 10.9539982818
10.2298756496 11.175549471
17.3555391914 8.0897154778
6.87012375945 9.83577304812
12.1174976522 5.34365864318
9.59967929787 14.9921444323
3.9950843194 2.94282431423
17.8318992823 7.0838332008
5.13369699316 18.9993615967
13.5728271872 7.30880311074
15.3499596246 17.2015710369
5.69988197094 18.2103189139
0.398236133722 22.4018323552
21.5118136237 14.4000005774
19.595809501 18.6734174591
5.36647384706 5.99389361962
3.87596467578 6.94724004069
17.9220198739 3.57823969038
15.7221327282 14.0019925438
11.2498836346 18.6359434787
0.128016927582 10.2402027855
21.9588274473 3.81755693053
18.9816508656 16.3363768053
23.9918629717 5.55600437399
12.9435962343 23.3548162308
14.7542112874 0.0848168265994
9.66043536805 6.05804422944
7.07111365748 9.82578647146
7.56536454014 1.1734604537
9.87885064495 3.09742188455
9.94173061389 0.722297288841
18.0240433572 15.9258544118
14.6057946845 20.2226380263
23.4649753649 0.522870922913
13.5042775756 2.58892030556
6.47239210614 5.90101194779
15.701120175 10.4301037744
17.9465663625 3.82253687014
15.665278628 4.06927956271
2.42307965411 8.03448842298
3.56876652985 18.5120775663
11.6162557544 8.59166322246
7.16729175329 12.8690471614
7.47572330621 23.8380146011
1.22560690404 24.0063625841
0.910950303545 15.2117418974
15.2472285287 1.24454221539
1.48990122206 16.2641547454
5.92113843461 3.7594940089
3.15987162894 17.5863614678
16.1913560214 6.43475187322
13.9213956673 19.4709605537
22.9003371642 3.10845845756
1.70614048063 23.7123085018
24.9065397354 6.93123684756
7.43874059333 15.7262549065
6.99541644747 5.33163873691
4.19932192836 4.18544914843
18.3169949686 0.680550381492
14.3647245549 6.71759079382
18.6368670501 3.36874286013
17.7392820683 6.25658440133
16.715144857 18.665847247
3.33924108419 22.0721134644
0.40141752087 14.2568088936
7.10176648518 5.79734123022
15.2436744557 11.2503706806
13.4975101796 4.83830883574
9.45897053689 8.2709299505
5.68847297147 15.5240935732
12.7643994358 8.98978560958
21.9544373486 3.75619366706
7.28654651636 22.8541789234
16.6115598877 20.0390051857
14.0018533291 11.2393565422
